450,450,81,144
0,50.0,50.0
1,50.0,95.0
2,50.0,140.0
3,50.0,185.0
4,50.0,230.0
5,50.0,275.0
6,50.0,320.0
7,50.0,365.0
8,50.0,410.0
10,95.0,50.0
11,95.0,95.0
12,95.0,140.0
13,95.0,185.0
14,95.0,230.0
15,95.0,275.0
16,95.0,320.0
17,95.0,365.0
18,95.0,410.0
20,140.0,50.0
21,140.0,95.0
22,140.0,140.0
23,140.0,185.0
24,140.0,230.0
25,140.0,275.0
26,140.0,320.0
27,140.0,365.0
28,140.0,410.0
30,185.0,50.0
31,185.0,95.0
32,185.0,140.0
33,185.0,185.0
34,185.0,230.0
35,185.0,275.0
36,185.0,320.0
37,185.0,365.0
38,185.0,410.0
40,230.0,50.0
41,230.0,95.0
42,230.0,140.0
43,230.0,185.0
44,230.0,230.0
45,230.0,275.0
46,230.0,320.0
47,230.0,365.0
48,230.0,410.0
50,275.0,50.0
51,275.0,95.0
52,275.0,140.0
53,275.0,185.0
54,275.0,230.0
55,275.0,275.0
56,275.0,320.0
57,275.0,365.0
58,275.0,410.0
60,320.0,50.0
61,320.0,95.0
62,320.0,140.0
63,320.0,185.0
64,320.0,230.0
65,320.0,275.0
66,320.0,320.0
67,320.0,365.0
68,320.0,410.0
70,365.0,50.0
71,365.0,95.0
72,365.0,140.0
73,365.0,185.0
74,365.0,230.0
75,365.0,275.0
76,365.0,320.0
77,365.0,365.0
78,365.0,410.0
80,410.0,50.0
81,410.0,95.0
82,410.0,140.0
83,410.0,185.0
84,410.0,230.0
85,410.0,275.0
86,410.0,320.0
87,410.0,365.0
88,410.0,410.0
0,1
0,10
1,2
1,11
2,3
2,12
3,4
3,13
4,5
4,14
5,6
5,15
6,7
6,16
7,8
7,17
8,18
10,11
10,20
11,12
11,21
12,13
12,22
13,14
13,23
14,15
14,24
15,16
15,25
16,17
16,26
17,18
17,27
18,28
20,21
20,30
21,22
21,31
22,23
22,32
23,24
23,33
24,25
24,34
25,26
25,35
26,27
26,36
27,28
27,37
28,38
30,31
30,40
31,32
31,41
32,33
32,42
33,34
33,43
34,35
34,44
35,36
35,45
36,37
36,46
37,38
37,47
38,48
40,41
40,50
41,42
41,51
42,43
42,52
43,44
43,53
44,45
44,54
45,46
45,55
46,47
46,56
47,48
47,57
48,58
50,51
50,60
51,52
51,61
52,53
52,62
53,54
53,63
54,55
54,64
55,56
55,65
56,57
56,66
57,58
57,67
58,68
60,61
60,70
61,62
61,71
62,63
62,72
63,64
63,73
64,65
64,74
65,66
65,75
66,67
66,76
67,68
67,77
68,78
70,71
70,80
71,72
71,81
72,73
72,82
73,74
73,83
74,75
74,84
75,76
75,85
76,77
76,86
77,78
77,87
78,88
80,81
81,82
82,83
83,84
84,85
85,86
86,87
87,88
