400,400,81,144
0,50.0,50.0
1,50.0,90.0
2,50.0,130.0
3,50.0,170.0
4,50.0,210.0
5,50.0,250.0
6,50.0,290.0
7,50.0,330.0
8,50.0,370.0
10,90.0,50.0
11,90.0,90.0
12,90.0,130.0
13,90.0,170.0
14,90.0,210.0
15,90.0,250.0
16,90.0,290.0
17,90.0,330.0
18,90.0,370.0
20,130.0,50.0
21,130.0,90.0
22,130.0,130.0
23,130.0,170.0
24,130.0,210.0
25,130.0,250.0
26,130.0,290.0
27,130.0,330.0
28,130.0,370.0
30,170.0,50.0
31,170.0,90.0
32,170.0,130.0
33,170.0,170.0
34,170.0,210.0
35,170.0,250.0
36,170.0,290.0
37,170.0,330.0
38,170.0,370.0
40,210.0,50.0
41,210.0,90.0
42,210.0,130.0
43,210.0,170.0
44,210.0,210.0
45,210.0,250.0
46,210.0,290.0
47,210.0,330.0
48,210.0,370.0
50,250.0,50.0
51,250.0,90.0
52,250.0,130.0
53,250.0,170.0
54,250.0,210.0
55,250.0,250.0
56,250.0,290.0
57,250.0,330.0
58,250.0,370.0
60,290.0,50.0
61,290.0,90.0
62,290.0,130.0
63,290.0,170.0
64,290.0,210.0
65,290.0,250.0
66,290.0,290.0
67,290.0,330.0
68,290.0,370.0
70,330.0,50.0
71,330.0,90.0
72,330.0,130.0
73,330.0,170.0
74,330.0,210.0
75,330.0,250.0
76,330.0,290.0
77,330.0,330.0
78,330.0,370.0
80,370.0,50.0
81,370.0,90.0
82,370.0,130.0
83,370.0,170.0
84,370.0,210.0
85,370.0,250.0
86,370.0,290.0
87,370.0,330.0
88,370.0,370.0
0,1
0,10
1,2
1,11
2,3
2,12
3,4
3,13
4,5
4,14
5,6
5,15
6,7
6,16
7,8
7,17
8,18
10,11
10,20
11,12
11,21
12,13
12,22
13,14
13,23
14,15
14,24
15,16
15,25
16,17
16,26
17,18
17,27
18,28
20,21
20,30
21,22
21,31
22,23
22,32
23,24
23,33
24,25
24,34
25,26
25,35
26,27
26,36
27,28
27,37
28,38
30,31
30,40
31,32
31,41
32,33
32,42
33,34
33,43
34,35
34,44
35,36
35,45
36,37
36,46
37,38
37,47
38,48
40,41
40,50
41,42
41,51
42,43
42,52
43,44
43,53
44,45
44,54
45,46
45,55
46,47
46,56
47,48
47,57
48,58
50,51
50,60
51,52
51,61
52,53
52,62
53,54
53,63
54,55
54,64
55,56
55,65
56,57
56,66
57,58
57,67
58,68
60,61
60,70
61,62
61,71
62,63
62,72
63,64
63,73
64,65
64,74
65,66
65,75
66,67
66,76
67,68
67,77
68,78
70,71
70,80
71,72
71,81
72,73
72,82
73,74
73,83
74,75
74,84
75,76
75,85
76,77
76,86
77,78
77,87
78,88
80,81
81,82
82,83
83,84
84,85
85,86
86,87
87,88
