440,440,100,180
0,40.0,40.0
1,40.0,84.0
2,40.0,128.0
3,40.0,172.0
4,40.0,216.0
5,40.0,260.0
6,40.0,304.0
7,40.0,348.0
8,40.0,392.0
9,40.0,436.0
10,84.0,40.0
11,84.0,84.0
12,84.0,128.0
13,84.0,172.0
14,84.0,216.0
15,84.0,260.0
16,84.0,304.0
17,84.0,348.0
18,84.0,392.0
19,84.0,436.0
20,128.0,40.0
21,128.0,84.0
22,128.0,128.0
23,128.0,172.0
24,128.0,216.0
25,128.0,260.0
26,128.0,304.0
27,128.0,348.0
28,128.0,392.0
29,128.0,436.0
30,172.0,40.0
31,172.0,84.0
32,172.0,128.0
33,172.0,172.0
34,172.0,216.0
35,172.0,260.0
36,172.0,304.0
37,172.0,348.0
38,172.0,392.0
39,172.0,436.0
40,216.0,40.0
41,216.0,84.0
42,216.0,128.0
43,216.0,172.0
44,216.0,216.0
45,216.0,260.0
46,216.0,304.0
47,216.0,348.0
48,216.0,392.0
49,216.0,436.0
50,260.0,40.0
51,260.0,84.0
52,260.0,128.0
53,260.0,172.0
54,260.0,216.0
55,260.0,260.0
56,260.0,304.0
57,260.0,348.0
58,260.0,392.0
59,260.0,436.0
60,304.0,40.0
61,304.0,84.0
62,304.0,128.0
63,304.0,172.0
64,304.0,216.0
65,304.0,260.0
66,304.0,304.0
67,304.0,348.0
68,304.0,392.0
69,304.0,436.0
70,348.0,40.0
71,348.0,84.0
72,348.0,128.0
73,348.0,172.0
74,348.0,216.0
75,348.0,260.0
76,348.0,304.0
77,348.0,348.0
78,348.0,392.0
79,348.0,436.0
80,392.0,40.0
81,392.0,84.0
82,392.0,128.0
83,392.0,172.0
84,392.0,216.0
85,392.0,260.0
86,392.0,304.0
87,392.0,348.0
88,392.0,392.0
89,392.0,436.0
90,436.0,40.0
91,436.0,84.0
92,436.0,128.0
93,436.0,172.0
94,436.0,216.0
95,436.0,260.0
96,436.0,304.0
97,436.0,348.0
98,436.0,392.0
99,436.0,436.0
0,1
0,10
1,2
1,11
2,3
2,12
3,4
3,13
4,5
4,14
5,6
5,15
6,7
6,16
7,8
7,17
8,9
8,18
9,19
10,11
10,20
11,12
11,21
12,13
12,22
13,14
13,23
14,15
14,24
15,16
15,25
16,17
16,26
17,18
17,27
18,19
18,28
19,29
20,21
20,30
21,22
21,31
22,23
22,32
23,24
23,33
24,25
24,34
25,26
25,35
26,27
26,36
27,28
27,37
28,29
28,38
29,39
30,31
30,40
31,32
31,41
32,33
32,42
33,34
33,43
34,35
34,44
35,36
35,45
36,37
36,46
37,38
37,47
38,39
38,48
39,49
40,41
40,50
41,42
41,51
42,43
42,52
43,44
43,53
44,45
44,54
45,46
45,55
46,47
46,56
47,48
47,57
48,49
48,58
49,59
50,51
50,60
51,52
51,61
52,53
52,62
53,54
53,63
54,55
54,64
55,56
55,65
56,57
56,66
57,58
57,67
58,59
58,68
59,69
60,61
60,70
61,62
61,71
62,63
62,72
63,64
63,73
64,65
64,74
65,66
65,75
66,67
66,76
67,68
67,77
68,69
68,78
69,79
70,71
70,80
71,72
71,81
72,73
72,82
73,74
73,83
74,75
74,84
75,76
75,85
76,77
76,86
77,78
77,87
78,79
78,88
79,89
80,81
80,90
81,82
81,91
82,83
82,92
83,84
83,93
84,85
84,94
85,86
85,95
86,87
86,96
87,88
87,97
88,89
88,98
89,99
90,91
91,92
92,93
93,94
94,95
95,96
96,97
97,98
98,99
