500,500,81,144
0,50.0,50.0
1,50.0,100.0
2,50.0,150.0
3,50.0,200.0
4,50.0,250.0
5,50.0,300.0
6,50.0,350.0
7,50.0,400.0
8,50.0,450.0
10,100.0,50.0
11,100.0,100.0
12,100.0,150.0
13,100.0,200.0
14,100.0,250.0
15,100.0,300.0
16,100.0,350.0
17,100.0,400.0
18,100.0,450.0
20,150.0,50.0
21,150.0,100.0
22,150.0,150.0
23,150.0,200.0
24,150.0,250.0
25,150.0,300.0
26,150.0,350.0
27,150.0,400.0
28,150.0,450.0
30,200.0,50.0
31,200.0,100.0
32,200.0,150.0
33,200.0,200.0
34,200.0,250.0
35,200.0,300.0
36,200.0,350.0
37,200.0,400.0
38,200.0,450.0
40,250.0,50.0
41,250.0,100.0
42,250.0,150.0
43,250.0,200.0
44,250.0,250.0
45,250.0,300.0
46,250.0,350.0
47,250.0,400.0
48,250.0,450.0
50,300.0,50.0
51,300.0,100.0
52,300.0,150.0
53,300.0,200.0
54,300.0,250.0
55,300.0,300.0
56,300.0,350.0
57,300.0,400.0
58,300.0,450.0
60,350.0,50.0
61,350.0,100.0
62,350.0,150.0
63,350.0,200.0
64,350.0,250.0
65,350.0,300.0
66,350.0,350.0
67,350.0,400.0
68,350.0,450.0
70,400.0,50.0
71,400.0,100.0
72,400.0,150.0
73,400.0,200.0
74,400.0,250.0
75,400.0,300.0
76,400.0,350.0
77,400.0,400.0
78,400.0,450.0
80,450.0,50.0
81,450.0,100.0
82,450.0,150.0
83,450.0,200.0
84,450.0,250.0
85,450.0,300.0
86,450.0,350.0
87,450.0,400.0
88,450.0,450.0
0,1
0,10
1,2
1,11
2,3
2,12
3,4
3,13
4,5
4,14
5,6
5,15
6,7
6,16
7,8
7,17
8,18
10,11
10,20
11,12
11,21
12,13
12,22
13,14
13,23
14,15
14,24
15,16
15,25
16,17
16,26
17,18
17,27
18,28
20,21
20,30
21,22
21,31
22,23
22,32
23,24
23,33
24,25
24,34
25,26
25,35
26,27
26,36
27,28
27,37
28,38
30,31
30,40
31,32
31,41
32,33
32,42
33,34
33,43
34,35
34,44
35,36
35,45
36,37
36,46
37,38
37,47
38,48
40,41
40,50
41,42
41,51
42,43
42,52
43,44
43,53
44,45
44,54
45,46
45,55
46,47
46,56
47,48
47,57
48,58
50,51
50,60
51,52
51,61
52,53
52,62
53,54
53,63
54,55
54,64
55,56
55,65
56,57
56,66
57,58
57,67
58,68
60,61
60,70
61,62
61,71
62,63
62,72
63,64
63,73
64,65
64,74
65,66
65,75
66,67
66,76
67,68
67,77
68,78
70,71
70,80
71,72
71,81
72,73
72,82
73,74
73,83
74,75
74,84
75,76
75,85
76,77
76,86
77,78
77,87
78,88
80,81
81,82
82,83
83,84
84,85
85,86
86,87
87,88
