460,460,81,144
0,60.0,60.0
1,60.0,106.0
2,60.0,152.0
3,60.0,198.0
4,60.0,244.0
5,60.0,290.0
6,60.0,336.0
7,60.0,382.0
8,60.0,428.0
10,106.0,60.0
11,106.0,106.0
12,106.0,152.0
13,106.0,198.0
14,106.0,244.0
15,106.0,290.0
16,106.0,336.0
17,106.0,382.0
18,106.0,428.0
20,152.0,60.0
21,152.0,106.0
22,152.0,152.0
23,152.0,198.0
24,152.0,244.0
25,152.0,290.0
26,152.0,336.0
27,152.0,382.0
28,152.0,428.0
30,198.0,60.0
31,198.0,106.0
32,198.0,152.0
33,198.0,198.0
34,198.0,244.0
35,198.0,290.0
36,198.0,336.0
37,198.0,382.0
38,198.0,428.0
40,244.0,60.0
41,244.0,106.0
42,244.0,152.0
43,244.0,198.0
44,244.0,244.0
45,244.0,290.0
46,244.0,336.0
47,244.0,382.0
48,244.0,428.0
50,290.0,60.0
51,290.0,106.0
52,290.0,152.0
53,290.0,198.0
54,290.0,244.0
55,290.0,290.0
56,290.0,336.0
57,290.0,382.0
58,290.0,428.0
60,336.0,60.0
61,336.0,106.0
62,336.0,152.0
63,336.0,198.0
64,336.0,244.0
65,336.0,290.0
66,336.0,336.0
67,336.0,382.0
68,336.0,428.0
70,382.0,60.0
71,382.0,106.0
72,382.0,152.0
73,382.0,198.0
74,382.0,244.0
75,382.0,290.0
76,382.0,336.0
77,382.0,382.0
78,382.0,428.0
80,428.0,60.0
81,428.0,106.0
82,428.0,152.0
83,428.0,198.0
84,428.0,244.0
85,428.0,290.0
86,428.0,336.0
87,428.0,382.0
88,428.0,428.0
0,1
0,10
1,2
1,11
2,3
2,12
3,4
3,13
4,5
4,14
5,6
5,15
6,7
6,16
7,8
7,17
8,18
10,11
10,20
11,12
11,21
12,13
12,22
13,14
13,23
14,15
14,24
15,16
15,25
16,17
16,26
17,18
17,27
18,28
20,21
20,30
21,22
21,31
22,23
22,32
23,24
23,33
24,25
24,34
25,26
25,35
26,27
26,36
27,28
27,37
28,38
30,31
30,40
31,32
31,41
32,33
32,42
33,34
33,43
34,35
34,44
35,36
35,45
36,37
36,46
37,38
37,47
38,48
40,41
40,50
41,42
41,51
42,43
42,52
43,44
43,53
44,45
44,54
45,46
45,55
46,47
46,56
47,48
47,57
48,58
50,51
50,60
51,52
51,61
52,53
52,62
53,54
53,63
54,55
54,64
55,56
55,65
56,57
56,66
57,58
57,67
58,68
60,61
60,70
61,62
61,71
62,63
62,72
63,64
63,73
64,65
64,74
65,66
65,75
66,67
66,76
67,68
67,77
68,78
70,71
70,80
71,72
71,81
72,73
72,82
73,74
73,83
74,75
74,84
75,76
75,85
76,77
76,86
77,78
77,87
78,88
80,81
81,82
82,83
83,84
84,85
85,86
86,87
87,88
