450,450,100,180
0,54.0,55.0
1,54.0,100.0
2,54.0,145.0
3,54.0,190.0
4,54.0,235.0
5,54.0,280.0
6,54.0,325.0
7,54.0,370.0
8,54.0,415.0
9,54.0,460.0
10,99.0,55.0
11,99.0,100.0
12,99.0,145.0
13,99.0,190.0
14,99.0,235.0
15,99.0,280.0
16,99.0,325.0
17,99.0,370.0
18,99.0,415.0
19,99.0,460.0
20,144.0,55.0
21,144.0,100.0
22,144.0,145.0
23,144.0,190.0
24,144.0,235.0
25,144.0,280.0
26,144.0,325.0
27,144.0,370.0
28,144.0,415.0
29,144.0,460.0
30,189.0,55.0
31,189.0,100.0
32,189.0,145.0
33,189.0,190.0
34,189.0,235.0
35,189.0,280.0
36,189.0,325.0
37,189.0,370.0
38,189.0,415.0
39,189.0,460.0
40,234.0,55.0
41,234.0,100.0
42,234.0,145.0
43,234.0,190.0
44,234.0,235.0
45,234.0,280.0
46,234.0,325.0
47,234.0,370.0
48,234.0,415.0
49,234.0,460.0
50,279.0,55.0
51,279.0,100.0
52,279.0,145.0
53,279.0,190.0
54,279.0,235.0
55,279.0,280.0
56,279.0,325.0
57,279.0,370.0
58,279.0,415.0
59,279.0,460.0
60,324.0,55.0
61,324.0,100.0
62,324.0,145.0
63,324.0,190.0
64,324.0,235.0
65,324.0,280.0
66,324.0,325.0
67,324.0,370.0
68,324.0,415.0
69,324.0,460.0
70,369.0,55.0
71,369.0,100.0
72,369.0,145.0
73,369.0,190.0
74,369.0,235.0
75,369.0,280.0
76,369.0,325.0
77,369.0,370.0
78,369.0,415.0
79,369.0,460.0
80,414.0,55.0
81,414.0,100.0
82,414.0,145.0
83,414.0,190.0
84,414.0,235.0
85,414.0,280.0
86,414.0,325.0
87,414.0,370.0
88,414.0,415.0
89,414.0,460.0
90,459.0,55.0
91,459.0,100.0
92,459.0,145.0
93,459.0,190.0
94,459.0,235.0
95,459.0,280.0
96,459.0,325.0
97,459.0,370.0
98,459.0,415.0
99,459.0,460.0
0,1
0,10
1,2
1,11
2,3
2,12
3,4
3,13
4,5
4,14
5,6
5,15
6,7
6,16
7,8
7,17
8,9
8,18
9,19
10,11
10,20
11,12
11,21
12,13
12,22
13,14
13,23
14,15
14,24
15,16
15,25
16,17
16,26
17,18
17,27
18,19
18,28
19,29
20,21
20,30
21,22
21,31
22,23
22,32
23,24
23,33
24,25
24,34
25,26
25,35
26,27
26,36
27,28
27,37
28,29
28,38
29,39
30,31
30,40
31,32
31,41
32,33
32,42
33,34
33,43
34,35
34,44
35,36
35,45
36,37
36,46
37,38
37,47
38,39
38,48
39,49
40,41
40,50
41,42
41,51
42,43
42,52
43,44
43,53
44,45
44,54
45,46
45,55
46,47
46,56
47,48
47,57
48,49
48,58
49,59
50,51
50,60
51,52
51,61
52,53
52,62
53,54
53,63
54,55
54,64
55,56
55,65
56,57
56,66
57,58
57,67
58,59
58,68
59,69
60,61
60,70
61,62
61,71
62,63
62,72
63,64
63,73
64,65
64,74
65,66
65,75
66,67
66,76
67,68
67,77
68,69
68,78
69,79
70,71
70,80
71,72
71,81
72,73
72,82
73,74
73,83
74,75
74,84
75,76
75,85
76,77
76,86
77,78
77,87
78,79
78,88
79,89
80,81
80,90
81,82
81,91
82,83
82,92
83,84
83,93
84,85
84,94
85,86
85,95
86,87
86,96
87,88
87,97
88,89
88,98
89,99
90,91
91,92
92,93
93,94
94,95
95,96
96,97
97,98
98,99
