400,400,100,180
0,70.0,70.0
1,70.0,110.0
2,70.0,150.0
3,70.0,190.0
4,70.0,230.0
5,70.0,270.0
6,70.0,310.0
7,70.0,350.0
8,70.0,390.0
9,70.0,430.0
10,110.0,70.0
11,110.0,110.0
12,110.0,150.0
13,110.0,190.0
14,110.0,230.0
15,110.0,270.0
16,110.0,310.0
17,110.0,350.0
18,110.0,390.0
19,110.0,430.0
20,150.0,70.0
21,150.0,110.0
22,150.0,150.0
23,150.0,190.0
24,150.0,230.0
25,150.0,270.0
26,150.0,310.0
27,150.0,350.0
28,150.0,390.0
29,150.0,430.0
30,190.0,70.0
31,190.0,110.0
32,190.0,150.0
33,190.0,190.0
34,190.0,230.0
35,190.0,270.0
36,190.0,310.0
37,190.0,350.0
38,190.0,390.0
39,190.0,430.0
40,230.0,70.0
41,230.0,110.0
42,230.0,150.0
43,230.0,190.0
44,230.0,230.0
45,230.0,270.0
46,230.0,310.0
47,230.0,350.0
48,230.0,390.0
49,230.0,430.0
50,270.0,70.0
51,270.0,110.0
52,270.0,150.0
53,270.0,190.0
54,270.0,230.0
55,270.0,270.0
56,270.0,310.0
57,270.0,350.0
58,270.0,390.0
59,270.0,430.0
60,310.0,70.0
61,310.0,110.0
62,310.0,150.0
63,310.0,190.0
64,310.0,230.0
65,310.0,270.0
66,310.0,310.0
67,310.0,350.0
68,310.0,390.0
69,310.0,430.0
70,350.0,70.0
71,350.0,110.0
72,350.0,150.0
73,350.0,190.0
74,350.0,230.0
75,350.0,270.0
76,350.0,310.0
77,350.0,350.0
78,350.0,390.0
79,350.0,430.0
80,390.0,70.0
81,390.0,110.0
82,390.0,150.0
83,390.0,190.0
84,390.0,230.0
85,390.0,270.0
86,390.0,310.0
87,390.0,350.0
88,390.0,390.0
89,390.0,430.0
90,430.0,70.0
91,430.0,110.0
92,430.0,150.0
93,430.0,190.0
94,430.0,230.0
95,430.0,270.0
96,430.0,310.0
97,430.0,350.0
98,430.0,390.0
99,430.0,430.0
0,1
0,10
1,2
1,11
2,3
2,12
3,4
3,13
4,5
4,14
5,6
5,15
6,7
6,16
7,8
7,17
8,9
8,18
9,19
10,11
10,20
11,12
11,21
12,13
12,22
13,14
13,23
14,15
14,24
15,16
15,25
16,17
16,26
17,18
17,27
18,19
18,28
19,29
20,21
20,30
21,22
21,31
22,23
22,32
23,24
23,33
24,25
24,34
25,26
25,35
26,27
26,36
27,28
27,37
28,29
28,38
29,39
30,31
30,40
31,32
31,41
32,33
32,42
33,34
33,43
34,35
34,44
35,36
35,45
36,37
36,46
37,38
37,47
38,39
38,48
39,49
40,41
40,50
41,42
41,51
42,43
42,52
43,44
43,53
44,45
44,54
45,46
45,55
46,47
46,56
47,48
47,57
48,49
48,58
49,59
50,51
50,60
51,52
51,61
52,53
52,62
53,54
53,63
54,55
54,64
55,56
55,65
56,57
56,66
57,58
57,67
58,59
58,68
59,69
60,61
60,70
61,62
61,71
62,63
62,72
63,64
63,73
64,65
64,74
65,66
65,75
66,67
66,76
67,68
67,77
68,69
68,78
69,79
70,71
70,80
71,72
71,81
72,73
72,82
73,74
73,83
74,75
74,84
75,76
75,85
76,77
76,86
77,78
77,87
78,79
78,88
79,89
80,81
80,90
81,82
81,91
82,83
82,92
83,84
83,93
84,85
84,94
85,86
85,95
86,87
86,96
87,88
87,97
88,89
88,98
89,99
90,91
91,92
92,93
93,94
94,95
95,96
96,97
97,98
98,99
