2000,2000,2401,4704
0,60.0,60.0
1,60.0,100.0
2,60.0,140.0
3,60.0,180.0
4,60.0,220.0
5,60.0,260.0
6,60.0,300.0
7,60.0,340.0
8,60.0,380.0
9,60.0,420.0
10,60.0,460.0
11,60.0,500.0
12,60.0,540.0
13,60.0,580.0
14,60.0,620.0
15,60.0,660.0
16,60.0,700.0
17,60.0,740.0
18,60.0,780.0
19,60.0,820.0
20,60.0,860.0
21,60.0,900.0
22,60.0,940.0
23,60.0,980.0
24,60.0,1020.0
25,60.0,1060.0
26,60.0,1100.0
27,60.0,1140.0
28,60.0,1180.0
29,60.0,1220.0
30,60.0,1260.0
31,60.0,1300.0
32,60.0,1340.0
33,60.0,1380.0
34,60.0,1420.0
35,60.0,1460.0
36,60.0,1500.0
37,60.0,1540.0
38,60.0,1580.0
39,60.0,1620.0
40,60.0,1660.0
41,60.0,1700.0
42,60.0,1740.0
43,60.0,1780.0
44,60.0,1820.0
45,60.0,1860.0
46,60.0,1900.0
47,60.0,1940.0
48,60.0,1980.0
50,100.0,60.0
51,100.0,100.0
52,100.0,140.0
53,100.0,180.0
54,100.0,220.0
55,100.0,260.0
56,100.0,300.0
57,100.0,340.0
58,100.0,380.0
59,100.0,420.0
60,100.0,460.0
61,100.0,500.0
62,100.0,540.0
63,100.0,580.0
64,100.0,620.0
65,100.0,660.0
66,100.0,700.0
67,100.0,740.0
68,100.0,780.0
69,100.0,820.0
70,100.0,860.0
71,100.0,900.0
72,100.0,940.0
73,100.0,980.0
74,100.0,1020.0
75,100.0,1060.0
76,100.0,1100.0
77,100.0,1140.0
78,100.0,1180.0
79,100.0,1220.0
80,100.0,1260.0
81,100.0,1300.0
82,100.0,1340.0
83,100.0,1380.0
84,100.0,1420.0
85,100.0,1460.0
86,100.0,1500.0
87,100.0,1540.0
88,100.0,1580.0
89,100.0,1620.0
90,100.0,1660.0
91,100.0,1700.0
92,100.0,1740.0
93,100.0,1780.0
94,100.0,1820.0
95,100.0,1860.0
96,100.0,1900.0
97,100.0,1940.0
98,100.0,1980.0
100,140.0,60.0
101,140.0,100.0
102,140.0,140.0
103,140.0,180.0
104,140.0,220.0
105,140.0,260.0
106,140.0,300.0
107,140.0,340.0
108,140.0,380.0
109,140.0,420.0
110,140.0,460.0
111,140.0,500.0
112,140.0,540.0
113,140.0,580.0
114,140.0,620.0
115,140.0,660.0
116,140.0,700.0
117,140.0,740.0
118,140.0,780.0
119,140.0,820.0
120,140.0,860.0
121,140.0,900.0
122,140.0,940.0
123,140.0,980.0
124,140.0,1020.0
125,140.0,1060.0
126,140.0,1100.0
127,140.0,1140.0
128,140.0,1180.0
129,140.0,1220.0
130,140.0,1260.0
131,140.0,1300.0
132,140.0,1340.0
133,140.0,1380.0
134,140.0,1420.0
135,140.0,1460.0
136,140.0,1500.0
137,140.0,1540.0
138,140.0,1580.0
139,140.0,1620.0
140,140.0,1660.0
141,140.0,1700.0
142,140.0,1740.0
143,140.0,1780.0
144,140.0,1820.0
145,140.0,1860.0
146,140.0,1900.0
147,140.0,1940.0
148,140.0,1980.0
150,180.0,60.0
151,180.0,100.0
152,180.0,140.0
153,180.0,180.0
154,180.0,220.0
155,180.0,260.0
156,180.0,300.0
157,180.0,340.0
158,180.0,380.0
159,180.0,420.0
160,180.0,460.0
161,180.0,500.0
162,180.0,540.0
163,180.0,580.0
164,180.0,620.0
165,180.0,660.0
166,180.0,700.0
167,180.0,740.0
168,180.0,780.0
169,180.0,820.0
170,180.0,860.0
171,180.0,900.0
172,180.0,940.0
173,180.0,980.0
174,180.0,1020.0
175,180.0,1060.0
176,180.0,1100.0
177,180.0,1140.0
178,180.0,1180.0
179,180.0,1220.0
180,180.0,1260.0
181,180.0,1300.0
182,180.0,1340.0
183,180.0,1380.0
184,180.0,1420.0
185,180.0,1460.0
186,180.0,1500.0
187,180.0,1540.0
188,180.0,1580.0
189,180.0,1620.0
190,180.0,1660.0
191,180.0,1700.0
192,180.0,1740.0
193,180.0,1780.0
194,180.0,1820.0
195,180.0,1860.0
196,180.0,1900.0
197,180.0,1940.0
198,180.0,1980.0
200,220.0,60.0
201,220.0,100.0
202,220.0,140.0
203,220.0,180.0
204,220.0,220.0
205,220.0,260.0
206,220.0,300.0
207,220.0,340.0
208,220.0,380.0
209,220.0,420.0
210,220.0,460.0
211,220.0,500.0
212,220.0,540.0
213,220.0,580.0
214,220.0,620.0
215,220.0,660.0
216,220.0,700.0
217,220.0,740.0
218,220.0,780.0
219,220.0,820.0
220,220.0,860.0
221,220.0,900.0
222,220.0,940.0
223,220.0,980.0
224,220.0,1020.0
225,220.0,1060.0
226,220.0,1100.0
227,220.0,1140.0
228,220.0,1180.0
229,220.0,1220.0
230,220.0,1260.0
231,220.0,1300.0
232,220.0,1340.0
233,220.0,1380.0
234,220.0,1420.0
235,220.0,1460.0
236,220.0,1500.0
237,220.0,1540.0
238,220.0,1580.0
239,220.0,1620.0
240,220.0,1660.0
241,220.0,1700.0
242,220.0,1740.0
243,220.0,1780.0
244,220.0,1820.0
245,220.0,1860.0
246,220.0,1900.0
247,220.0,1940.0
248,220.0,1980.0
250,260.0,60.0
251,260.0,100.0
252,260.0,140.0
253,260.0,180.0
254,260.0,220.0
255,260.0,260.0
256,260.0,300.0
257,260.0,340.0
258,260.0,380.0
259,260.0,420.0
260,260.0,460.0
261,260.0,500.0
262,260.0,540.0
263,260.0,580.0
264,260.0,620.0
265,260.0,660.0
266,260.0,700.0
267,260.0,740.0
268,260.0,780.0
269,260.0,820.0
270,260.0,860.0
271,260.0,900.0
272,260.0,940.0
273,260.0,980.0
274,260.0,1020.0
275,260.0,1060.0
276,260.0,1100.0
277,260.0,1140.0
278,260.0,1180.0
279,260.0,1220.0
280,260.0,1260.0
281,260.0,1300.0
282,260.0,1340.0
283,260.0,1380.0
284,260.0,1420.0
285,260.0,1460.0
286,260.0,1500.0
287,260.0,1540.0
288,260.0,1580.0
289,260.0,1620.0
290,260.0,1660.0
291,260.0,1700.0
292,260.0,1740.0
293,260.0,1780.0
294,260.0,1820.0
295,260.0,1860.0
296,260.0,1900.0
297,260.0,1940.0
298,260.0,1980.0
300,300.0,60.0
301,300.0,100.0
302,300.0,140.0
303,300.0,180.0
304,300.0,220.0
305,300.0,260.0
306,300.0,300.0
307,300.0,340.0
308,300.0,380.0
309,300.0,420.0
310,300.0,460.0
311,300.0,500.0
312,300.0,540.0
313,300.0,580.0
314,300.0,620.0
315,300.0,660.0
316,300.0,700.0
317,300.0,740.0
318,300.0,780.0
319,300.0,820.0
320,300.0,860.0
321,300.0,900.0
322,300.0,940.0
323,300.0,980.0
324,300.0,1020.0
325,300.0,1060.0
326,300.0,1100.0
327,300.0,1140.0
328,300.0,1180.0
329,300.0,1220.0
330,300.0,1260.0
331,300.0,1300.0
332,300.0,1340.0
333,300.0,1380.0
334,300.0,1420.0
335,300.0,1460.0
336,300.0,1500.0
337,300.0,1540.0
338,300.0,1580.0
339,300.0,1620.0
340,300.0,1660.0
341,300.0,1700.0
342,300.0,1740.0
343,300.0,1780.0
344,300.0,1820.0
345,300.0,1860.0
346,300.0,1900.0
347,300.0,1940.0
348,300.0,1980.0
350,340.0,60.0
351,340.0,100.0
352,340.0,140.0
353,340.0,180.0
354,340.0,220.0
355,340.0,260.0
356,340.0,300.0
357,340.0,340.0
358,340.0,380.0
359,340.0,420.0
360,340.0,460.0
361,340.0,500.0
362,340.0,540.0
363,340.0,580.0
364,340.0,620.0
365,340.0,660.0
366,340.0,700.0
367,340.0,740.0
368,340.0,780.0
369,340.0,820.0
370,340.0,860.0
371,340.0,900.0
372,340.0,940.0
373,340.0,980.0
374,340.0,1020.0
375,340.0,1060.0
376,340.0,1100.0
377,340.0,1140.0
378,340.0,1180.0
379,340.0,1220.0
380,340.0,1260.0
381,340.0,1300.0
382,340.0,1340.0
383,340.0,1380.0
384,340.0,1420.0
385,340.0,1460.0
386,340.0,1500.0
387,340.0,1540.0
388,340.0,1580.0
389,340.0,1620.0
390,340.0,1660.0
391,340.0,1700.0
392,340.0,1740.0
393,340.0,1780.0
394,340.0,1820.0
395,340.0,1860.0
396,340.0,1900.0
397,340.0,1940.0
398,340.0,1980.0
400,380.0,60.0
401,380.0,100.0
402,380.0,140.0
403,380.0,180.0
404,380.0,220.0
405,380.0,260.0
406,380.0,300.0
407,380.0,340.0
408,380.0,380.0
409,380.0,420.0
410,380.0,460.0
411,380.0,500.0
412,380.0,540.0
413,380.0,580.0
414,380.0,620.0
415,380.0,660.0
416,380.0,700.0
417,380.0,740.0
418,380.0,780.0
419,380.0,820.0
420,380.0,860.0
421,380.0,900.0
422,380.0,940.0
423,380.0,980.0
424,380.0,1020.0
425,380.0,1060.0
426,380.0,1100.0
427,380.0,1140.0
428,380.0,1180.0
429,380.0,1220.0
430,380.0,1260.0
431,380.0,1300.0
432,380.0,1340.0
433,380.0,1380.0
434,380.0,1420.0
435,380.0,1460.0
436,380.0,1500.0
437,380.0,1540.0
438,380.0,1580.0
439,380.0,1620.0
440,380.0,1660.0
441,380.0,1700.0
442,380.0,1740.0
443,380.0,1780.0
444,380.0,1820.0
445,380.0,1860.0
446,380.0,1900.0
447,380.0,1940.0
448,380.0,1980.0
450,420.0,60.0
451,420.0,100.0
452,420.0,140.0
453,420.0,180.0
454,420.0,220.0
455,420.0,260.0
456,420.0,300.0
457,420.0,340.0
458,420.0,380.0
459,420.0,420.0
460,420.0,460.0
461,420.0,500.0
462,420.0,540.0
463,420.0,580.0
464,420.0,620.0
465,420.0,660.0
466,420.0,700.0
467,420.0,740.0
468,420.0,780.0
469,420.0,820.0
470,420.0,860.0
471,420.0,900.0
472,420.0,940.0
473,420.0,980.0
474,420.0,1020.0
475,420.0,1060.0
476,420.0,1100.0
477,420.0,1140.0
478,420.0,1180.0
479,420.0,1220.0
480,420.0,1260.0
481,420.0,1300.0
482,420.0,1340.0
483,420.0,1380.0
484,420.0,1420.0
485,420.0,1460.0
486,420.0,1500.0
487,420.0,1540.0
488,420.0,1580.0
489,420.0,1620.0
490,420.0,1660.0
491,420.0,1700.0
492,420.0,1740.0
493,420.0,1780.0
494,420.0,1820.0
495,420.0,1860.0
496,420.0,1900.0
497,420.0,1940.0
498,420.0,1980.0
500,460.0,60.0
501,460.0,100.0
502,460.0,140.0
503,460.0,180.0
504,460.0,220.0
505,460.0,260.0
506,460.0,300.0
507,460.0,340.0
508,460.0,380.0
509,460.0,420.0
510,460.0,460.0
511,460.0,500.0
512,460.0,540.0
513,460.0,580.0
514,460.0,620.0
515,460.0,660.0
516,460.0,700.0
517,460.0,740.0
518,460.0,780.0
519,460.0,820.0
520,460.0,860.0
521,460.0,900.0
522,460.0,940.0
523,460.0,980.0
524,460.0,1020.0
525,460.0,1060.0
526,460.0,1100.0
527,460.0,1140.0
528,460.0,1180.0
529,460.0,1220.0
530,460.0,1260.0
531,460.0,1300.0
532,460.0,1340.0
533,460.0,1380.0
534,460.0,1420.0
535,460.0,1460.0
536,460.0,1500.0
537,460.0,1540.0
538,460.0,1580.0
539,460.0,1620.0
540,460.0,1660.0
541,460.0,1700.0
542,460.0,1740.0
543,460.0,1780.0
544,460.0,1820.0
545,460.0,1860.0
546,460.0,1900.0
547,460.0,1940.0
548,460.0,1980.0
550,500.0,60.0
551,500.0,100.0
552,500.0,140.0
553,500.0,180.0
554,500.0,220.0
555,500.0,260.0
556,500.0,300.0
557,500.0,340.0
558,500.0,380.0
559,500.0,420.0
560,500.0,460.0
561,500.0,500.0
562,500.0,540.0
563,500.0,580.0
564,500.0,620.0
565,500.0,660.0
566,500.0,700.0
567,500.0,740.0
568,500.0,780.0
569,500.0,820.0
570,500.0,860.0
571,500.0,900.0
572,500.0,940.0
573,500.0,980.0
574,500.0,1020.0
575,500.0,1060.0
576,500.0,1100.0
577,500.0,1140.0
578,500.0,1180.0
579,500.0,1220.0
580,500.0,1260.0
581,500.0,1300.0
582,500.0,1340.0
583,500.0,1380.0
584,500.0,1420.0
585,500.0,1460.0
586,500.0,1500.0
587,500.0,1540.0
588,500.0,1580.0
589,500.0,1620.0
590,500.0,1660.0
591,500.0,1700.0
592,500.0,1740.0
593,500.0,1780.0
594,500.0,1820.0
595,500.0,1860.0
596,500.0,1900.0
597,500.0,1940.0
598,500.0,1980.0
600,540.0,60.0
601,540.0,100.0
602,540.0,140.0
603,540.0,180.0
604,540.0,220.0
605,540.0,260.0
606,540.0,300.0
607,540.0,340.0
608,540.0,380.0
609,540.0,420.0
610,540.0,460.0
611,540.0,500.0
612,540.0,540.0
613,540.0,580.0
614,540.0,620.0
615,540.0,660.0
616,540.0,700.0
617,540.0,740.0
618,540.0,780.0
619,540.0,820.0
620,540.0,860.0
621,540.0,900.0
622,540.0,940.0
623,540.0,980.0
624,540.0,1020.0
625,540.0,1060.0
626,540.0,1100.0
627,540.0,1140.0
628,540.0,1180.0
629,540.0,1220.0
630,540.0,1260.0
631,540.0,1300.0
632,540.0,1340.0
633,540.0,1380.0
634,540.0,1420.0
635,540.0,1460.0
636,540.0,1500.0
637,540.0,1540.0
638,540.0,1580.0
639,540.0,1620.0
640,540.0,1660.0
641,540.0,1700.0
642,540.0,1740.0
643,540.0,1780.0
644,540.0,1820.0
645,540.0,1860.0
646,540.0,1900.0
647,540.0,1940.0
648,540.0,1980.0
650,580.0,60.0
651,580.0,100.0
652,580.0,140.0
653,580.0,180.0
654,580.0,220.0
655,580.0,260.0
656,580.0,300.0
657,580.0,340.0
658,580.0,380.0
659,580.0,420.0
660,580.0,460.0
661,580.0,500.0
662,580.0,540.0
663,580.0,580.0
664,580.0,620.0
665,580.0,660.0
666,580.0,700.0
667,580.0,740.0
668,580.0,780.0
669,580.0,820.0
670,580.0,860.0
671,580.0,900.0
672,580.0,940.0
673,580.0,980.0
674,580.0,1020.0
675,580.0,1060.0
676,580.0,1100.0
677,580.0,1140.0
678,580.0,1180.0
679,580.0,1220.0
680,580.0,1260.0
681,580.0,1300.0
682,580.0,1340.0
683,580.0,1380.0
684,580.0,1420.0
685,580.0,1460.0
686,580.0,1500.0
687,580.0,1540.0
688,580.0,1580.0
689,580.0,1620.0
690,580.0,1660.0
691,580.0,1700.0
692,580.0,1740.0
693,580.0,1780.0
694,580.0,1820.0
695,580.0,1860.0
696,580.0,1900.0
697,580.0,1940.0
698,580.0,1980.0
700,620.0,60.0
701,620.0,100.0
702,620.0,140.0
703,620.0,180.0
704,620.0,220.0
705,620.0,260.0
706,620.0,300.0
707,620.0,340.0
708,620.0,380.0
709,620.0,420.0
710,620.0,460.0
711,620.0,500.0
712,620.0,540.0
713,620.0,580.0
714,620.0,620.0
715,620.0,660.0
716,620.0,700.0
717,620.0,740.0
718,620.0,780.0
719,620.0,820.0
720,620.0,860.0
721,620.0,900.0
722,620.0,940.0
723,620.0,980.0
724,620.0,1020.0
725,620.0,1060.0
726,620.0,1100.0
727,620.0,1140.0
728,620.0,1180.0
729,620.0,1220.0
730,620.0,1260.0
731,620.0,1300.0
732,620.0,1340.0
733,620.0,1380.0
734,620.0,1420.0
735,620.0,1460.0
736,620.0,1500.0
737,620.0,1540.0
738,620.0,1580.0
739,620.0,1620.0
740,620.0,1660.0
741,620.0,1700.0
742,620.0,1740.0
743,620.0,1780.0
744,620.0,1820.0
745,620.0,1860.0
746,620.0,1900.0
747,620.0,1940.0
748,620.0,1980.0
750,660.0,60.0
751,660.0,100.0
752,660.0,140.0
753,660.0,180.0
754,660.0,220.0
755,660.0,260.0
756,660.0,300.0
757,660.0,340.0
758,660.0,380.0
759,660.0,420.0
760,660.0,460.0
761,660.0,500.0
762,660.0,540.0
763,660.0,580.0
764,660.0,620.0
765,660.0,660.0
766,660.0,700.0
767,660.0,740.0
768,660.0,780.0
769,660.0,820.0
770,660.0,860.0
771,660.0,900.0
772,660.0,940.0
773,660.0,980.0
774,660.0,1020.0
775,660.0,1060.0
776,660.0,1100.0
777,660.0,1140.0
778,660.0,1180.0
779,660.0,1220.0
780,660.0,1260.0
781,660.0,1300.0
782,660.0,1340.0
783,660.0,1380.0
784,660.0,1420.0
785,660.0,1460.0
786,660.0,1500.0
787,660.0,1540.0
788,660.0,1580.0
789,660.0,1620.0
790,660.0,1660.0
791,660.0,1700.0
792,660.0,1740.0
793,660.0,1780.0
794,660.0,1820.0
795,660.0,1860.0
796,660.0,1900.0
797,660.0,1940.0
798,660.0,1980.0
800,700.0,60.0
801,700.0,100.0
802,700.0,140.0
803,700.0,180.0
804,700.0,220.0
805,700.0,260.0
806,700.0,300.0
807,700.0,340.0
808,700.0,380.0
809,700.0,420.0
810,700.0,460.0
811,700.0,500.0
812,700.0,540.0
813,700.0,580.0
814,700.0,620.0
815,700.0,660.0
816,700.0,700.0
817,700.0,740.0
818,700.0,780.0
819,700.0,820.0
820,700.0,860.0
821,700.0,900.0
822,700.0,940.0
823,700.0,980.0
824,700.0,1020.0
825,700.0,1060.0
826,700.0,1100.0
827,700.0,1140.0
828,700.0,1180.0
829,700.0,1220.0
830,700.0,1260.0
831,700.0,1300.0
832,700.0,1340.0
833,700.0,1380.0
834,700.0,1420.0
835,700.0,1460.0
836,700.0,1500.0
837,700.0,1540.0
838,700.0,1580.0
839,700.0,1620.0
840,700.0,1660.0
841,700.0,1700.0
842,700.0,1740.0
843,700.0,1780.0
844,700.0,1820.0
845,700.0,1860.0
846,700.0,1900.0
847,700.0,1940.0
848,700.0,1980.0
850,740.0,60.0
851,740.0,100.0
852,740.0,140.0
853,740.0,180.0
854,740.0,220.0
855,740.0,260.0
856,740.0,300.0
857,740.0,340.0
858,740.0,380.0
859,740.0,420.0
860,740.0,460.0
861,740.0,500.0
862,740.0,540.0
863,740.0,580.0
864,740.0,620.0
865,740.0,660.0
866,740.0,700.0
867,740.0,740.0
868,740.0,780.0
869,740.0,820.0
870,740.0,860.0
871,740.0,900.0
872,740.0,940.0
873,740.0,980.0
874,740.0,1020.0
875,740.0,1060.0
876,740.0,1100.0
877,740.0,1140.0
878,740.0,1180.0
879,740.0,1220.0
880,740.0,1260.0
881,740.0,1300.0
882,740.0,1340.0
883,740.0,1380.0
884,740.0,1420.0
885,740.0,1460.0
886,740.0,1500.0
887,740.0,1540.0
888,740.0,1580.0
889,740.0,1620.0
890,740.0,1660.0
891,740.0,1700.0
892,740.0,1740.0
893,740.0,1780.0
894,740.0,1820.0
895,740.0,1860.0
896,740.0,1900.0
897,740.0,1940.0
898,740.0,1980.0
900,780.0,60.0
901,780.0,100.0
902,780.0,140.0
903,780.0,180.0
904,780.0,220.0
905,780.0,260.0
906,780.0,300.0
907,780.0,340.0
908,780.0,380.0
909,780.0,420.0
910,780.0,460.0
911,780.0,500.0
912,780.0,540.0
913,780.0,580.0
914,780.0,620.0
915,780.0,660.0
916,780.0,700.0
917,780.0,740.0
918,780.0,780.0
919,780.0,820.0
920,780.0,860.0
921,780.0,900.0
922,780.0,940.0
923,780.0,980.0
924,780.0,1020.0
925,780.0,1060.0
926,780.0,1100.0
927,780.0,1140.0
928,780.0,1180.0
929,780.0,1220.0
930,780.0,1260.0
931,780.0,1300.0
932,780.0,1340.0
933,780.0,1380.0
934,780.0,1420.0
935,780.0,1460.0
936,780.0,1500.0
937,780.0,1540.0
938,780.0,1580.0
939,780.0,1620.0
940,780.0,1660.0
941,780.0,1700.0
942,780.0,1740.0
943,780.0,1780.0
944,780.0,1820.0
945,780.0,1860.0
946,780.0,1900.0
947,780.0,1940.0
948,780.0,1980.0
950,820.0,60.0
951,820.0,100.0
952,820.0,140.0
953,820.0,180.0
954,820.0,220.0
955,820.0,260.0
956,820.0,300.0
957,820.0,340.0
958,820.0,380.0
959,820.0,420.0
960,820.0,460.0
961,820.0,500.0
962,820.0,540.0
963,820.0,580.0
964,820.0,620.0
965,820.0,660.0
966,820.0,700.0
967,820.0,740.0
968,820.0,780.0
969,820.0,820.0
970,820.0,860.0
971,820.0,900.0
972,820.0,940.0
973,820.0,980.0
974,820.0,1020.0
975,820.0,1060.0
976,820.0,1100.0
977,820.0,1140.0
978,820.0,1180.0
979,820.0,1220.0
980,820.0,1260.0
981,820.0,1300.0
982,820.0,1340.0
983,820.0,1380.0
984,820.0,1420.0
985,820.0,1460.0
986,820.0,1500.0
987,820.0,1540.0
988,820.0,1580.0
989,820.0,1620.0
990,820.0,1660.0
991,820.0,1700.0
992,820.0,1740.0
993,820.0,1780.0
994,820.0,1820.0
995,820.0,1860.0
996,820.0,1900.0
997,820.0,1940.0
998,820.0,1980.0
1000,860.0,60.0
1001,860.0,100.0
1002,860.0,140.0
1003,860.0,180.0
1004,860.0,220.0
1005,860.0,260.0
1006,860.0,300.0
1007,860.0,340.0
1008,860.0,380.0
1009,860.0,420.0
1010,860.0,460.0
1011,860.0,500.0
1012,860.0,540.0
1013,860.0,580.0
1014,860.0,620.0
1015,860.0,660.0
1016,860.0,700.0
1017,860.0,740.0
1018,860.0,780.0
1019,860.0,820.0
1020,860.0,860.0
1021,860.0,900.0
1022,860.0,940.0
1023,860.0,980.0
1024,860.0,1020.0
1025,860.0,1060.0
1026,860.0,1100.0
1027,860.0,1140.0
1028,860.0,1180.0
1029,860.0,1220.0
1030,860.0,1260.0
1031,860.0,1300.0
1032,860.0,1340.0
1033,860.0,1380.0
1034,860.0,1420.0
1035,860.0,1460.0
1036,860.0,1500.0
1037,860.0,1540.0
1038,860.0,1580.0
1039,860.0,1620.0
1040,860.0,1660.0
1041,860.0,1700.0
1042,860.0,1740.0
1043,860.0,1780.0
1044,860.0,1820.0
1045,860.0,1860.0
1046,860.0,1900.0
1047,860.0,1940.0
1048,860.0,1980.0
1050,900.0,60.0
1051,900.0,100.0
1052,900.0,140.0
1053,900.0,180.0
1054,900.0,220.0
1055,900.0,260.0
1056,900.0,300.0
1057,900.0,340.0
1058,900.0,380.0
1059,900.0,420.0
1060,900.0,460.0
1061,900.0,500.0
1062,900.0,540.0
1063,900.0,580.0
1064,900.0,620.0
1065,900.0,660.0
1066,900.0,700.0
1067,900.0,740.0
1068,900.0,780.0
1069,900.0,820.0
1070,900.0,860.0
1071,900.0,900.0
1072,900.0,940.0
1073,900.0,980.0
1074,900.0,1020.0
1075,900.0,1060.0
1076,900.0,1100.0
1077,900.0,1140.0
1078,900.0,1180.0
1079,900.0,1220.0
1080,900.0,1260.0
1081,900.0,1300.0
1082,900.0,1340.0
1083,900.0,1380.0
1084,900.0,1420.0
1085,900.0,1460.0
1086,900.0,1500.0
1087,900.0,1540.0
1088,900.0,1580.0
1089,900.0,1620.0
1090,900.0,1660.0
1091,900.0,1700.0
1092,900.0,1740.0
1093,900.0,1780.0
1094,900.0,1820.0
1095,900.0,1860.0
1096,900.0,1900.0
1097,900.0,1940.0
1098,900.0,1980.0
1100,940.0,60.0
1101,940.0,100.0
1102,940.0,140.0
1103,940.0,180.0
1104,940.0,220.0
1105,940.0,260.0
1106,940.0,300.0
1107,940.0,340.0
1108,940.0,380.0
1109,940.0,420.0
1110,940.0,460.0
1111,940.0,500.0
1112,940.0,540.0
1113,940.0,580.0
1114,940.0,620.0
1115,940.0,660.0
1116,940.0,700.0
1117,940.0,740.0
1118,940.0,780.0
1119,940.0,820.0
1120,940.0,860.0
1121,940.0,900.0
1122,940.0,940.0
1123,940.0,980.0
1124,940.0,1020.0
1125,940.0,1060.0
1126,940.0,1100.0
1127,940.0,1140.0
1128,940.0,1180.0
1129,940.0,1220.0
1130,940.0,1260.0
1131,940.0,1300.0
1132,940.0,1340.0
1133,940.0,1380.0
1134,940.0,1420.0
1135,940.0,1460.0
1136,940.0,1500.0
1137,940.0,1540.0
1138,940.0,1580.0
1139,940.0,1620.0
1140,940.0,1660.0
1141,940.0,1700.0
1142,940.0,1740.0
1143,940.0,1780.0
1144,940.0,1820.0
1145,940.0,1860.0
1146,940.0,1900.0
1147,940.0,1940.0
1148,940.0,1980.0
1150,980.0,60.0
1151,980.0,100.0
1152,980.0,140.0
1153,980.0,180.0
1154,980.0,220.0
1155,980.0,260.0
1156,980.0,300.0
1157,980.0,340.0
1158,980.0,380.0
1159,980.0,420.0
1160,980.0,460.0
1161,980.0,500.0
1162,980.0,540.0
1163,980.0,580.0
1164,980.0,620.0
1165,980.0,660.0
1166,980.0,700.0
1167,980.0,740.0
1168,980.0,780.0
1169,980.0,820.0
1170,980.0,860.0
1171,980.0,900.0
1172,980.0,940.0
1173,980.0,980.0
1174,980.0,1020.0
1175,980.0,1060.0
1176,980.0,1100.0
1177,980.0,1140.0
1178,980.0,1180.0
1179,980.0,1220.0
1180,980.0,1260.0
1181,980.0,1300.0
1182,980.0,1340.0
1183,980.0,1380.0
1184,980.0,1420.0
1185,980.0,1460.0
1186,980.0,1500.0
1187,980.0,1540.0
1188,980.0,1580.0
1189,980.0,1620.0
1190,980.0,1660.0
1191,980.0,1700.0
1192,980.0,1740.0
1193,980.0,1780.0
1194,980.0,1820.0
1195,980.0,1860.0
1196,980.0,1900.0
1197,980.0,1940.0
1198,980.0,1980.0
1200,1020.0,60.0
1201,1020.0,100.0
1202,1020.0,140.0
1203,1020.0,180.0
1204,1020.0,220.0
1205,1020.0,260.0
1206,1020.0,300.0
1207,1020.0,340.0
1208,1020.0,380.0
1209,1020.0,420.0
1210,1020.0,460.0
1211,1020.0,500.0
1212,1020.0,540.0
1213,1020.0,580.0
1214,1020.0,620.0
1215,1020.0,660.0
1216,1020.0,700.0
1217,1020.0,740.0
1218,1020.0,780.0
1219,1020.0,820.0
1220,1020.0,860.0
1221,1020.0,900.0
1222,1020.0,940.0
1223,1020.0,980.0
1224,1020.0,1020.0
1225,1020.0,1060.0
1226,1020.0,1100.0
1227,1020.0,1140.0
1228,1020.0,1180.0
1229,1020.0,1220.0
1230,1020.0,1260.0
1231,1020.0,1300.0
1232,1020.0,1340.0
1233,1020.0,1380.0
1234,1020.0,1420.0
1235,1020.0,1460.0
1236,1020.0,1500.0
1237,1020.0,1540.0
1238,1020.0,1580.0
1239,1020.0,1620.0
1240,1020.0,1660.0
1241,1020.0,1700.0
1242,1020.0,1740.0
1243,1020.0,1780.0
1244,1020.0,1820.0
1245,1020.0,1860.0
1246,1020.0,1900.0
1247,1020.0,1940.0
1248,1020.0,1980.0
1250,1060.0,60.0
1251,1060.0,100.0
1252,1060.0,140.0
1253,1060.0,180.0
1254,1060.0,220.0
1255,1060.0,260.0
1256,1060.0,300.0
1257,1060.0,340.0
1258,1060.0,380.0
1259,1060.0,420.0
1260,1060.0,460.0
1261,1060.0,500.0
1262,1060.0,540.0
1263,1060.0,580.0
1264,1060.0,620.0
1265,1060.0,660.0
1266,1060.0,700.0
1267,1060.0,740.0
1268,1060.0,780.0
1269,1060.0,820.0
1270,1060.0,860.0
1271,1060.0,900.0
1272,1060.0,940.0
1273,1060.0,980.0
1274,1060.0,1020.0
1275,1060.0,1060.0
1276,1060.0,1100.0
1277,1060.0,1140.0
1278,1060.0,1180.0
1279,1060.0,1220.0
1280,1060.0,1260.0
1281,1060.0,1300.0
1282,1060.0,1340.0
1283,1060.0,1380.0
1284,1060.0,1420.0
1285,1060.0,1460.0
1286,1060.0,1500.0
1287,1060.0,1540.0
1288,1060.0,1580.0
1289,1060.0,1620.0
1290,1060.0,1660.0
1291,1060.0,1700.0
1292,1060.0,1740.0
1293,1060.0,1780.0
1294,1060.0,1820.0
1295,1060.0,1860.0
1296,1060.0,1900.0
1297,1060.0,1940.0
1298,1060.0,1980.0
1300,1100.0,60.0
1301,1100.0,100.0
1302,1100.0,140.0
1303,1100.0,180.0
1304,1100.0,220.0
1305,1100.0,260.0
1306,1100.0,300.0
1307,1100.0,340.0
1308,1100.0,380.0
1309,1100.0,420.0
1310,1100.0,460.0
1311,1100.0,500.0
1312,1100.0,540.0
1313,1100.0,580.0
1314,1100.0,620.0
1315,1100.0,660.0
1316,1100.0,700.0
1317,1100.0,740.0
1318,1100.0,780.0
1319,1100.0,820.0
1320,1100.0,860.0
1321,1100.0,900.0
1322,1100.0,940.0
1323,1100.0,980.0
1324,1100.0,1020.0
1325,1100.0,1060.0
1326,1100.0,1100.0
1327,1100.0,1140.0
1328,1100.0,1180.0
1329,1100.0,1220.0
1330,1100.0,1260.0
1331,1100.0,1300.0
1332,1100.0,1340.0
1333,1100.0,1380.0
1334,1100.0,1420.0
1335,1100.0,1460.0
1336,1100.0,1500.0
1337,1100.0,1540.0
1338,1100.0,1580.0
1339,1100.0,1620.0
1340,1100.0,1660.0
1341,1100.0,1700.0
1342,1100.0,1740.0
1343,1100.0,1780.0
1344,1100.0,1820.0
1345,1100.0,1860.0
1346,1100.0,1900.0
1347,1100.0,1940.0
1348,1100.0,1980.0
1350,1140.0,60.0
1351,1140.0,100.0
1352,1140.0,140.0
1353,1140.0,180.0
1354,1140.0,220.0
1355,1140.0,260.0
1356,1140.0,300.0
1357,1140.0,340.0
1358,1140.0,380.0
1359,1140.0,420.0
1360,1140.0,460.0
1361,1140.0,500.0
1362,1140.0,540.0
1363,1140.0,580.0
1364,1140.0,620.0
1365,1140.0,660.0
1366,1140.0,700.0
1367,1140.0,740.0
1368,1140.0,780.0
1369,1140.0,820.0
1370,1140.0,860.0
1371,1140.0,900.0
1372,1140.0,940.0
1373,1140.0,980.0
1374,1140.0,1020.0
1375,1140.0,1060.0
1376,1140.0,1100.0
1377,1140.0,1140.0
1378,1140.0,1180.0
1379,1140.0,1220.0
1380,1140.0,1260.0
1381,1140.0,1300.0
1382,1140.0,1340.0
1383,1140.0,1380.0
1384,1140.0,1420.0
1385,1140.0,1460.0
1386,1140.0,1500.0
1387,1140.0,1540.0
1388,1140.0,1580.0
1389,1140.0,1620.0
1390,1140.0,1660.0
1391,1140.0,1700.0
1392,1140.0,1740.0
1393,1140.0,1780.0
1394,1140.0,1820.0
1395,1140.0,1860.0
1396,1140.0,1900.0
1397,1140.0,1940.0
1398,1140.0,1980.0
1400,1180.0,60.0
1401,1180.0,100.0
1402,1180.0,140.0
1403,1180.0,180.0
1404,1180.0,220.0
1405,1180.0,260.0
1406,1180.0,300.0
1407,1180.0,340.0
1408,1180.0,380.0
1409,1180.0,420.0
1410,1180.0,460.0
1411,1180.0,500.0
1412,1180.0,540.0
1413,1180.0,580.0
1414,1180.0,620.0
1415,1180.0,660.0
1416,1180.0,700.0
1417,1180.0,740.0
1418,1180.0,780.0
1419,1180.0,820.0
1420,1180.0,860.0
1421,1180.0,900.0
1422,1180.0,940.0
1423,1180.0,980.0
1424,1180.0,1020.0
1425,1180.0,1060.0
1426,1180.0,1100.0
1427,1180.0,1140.0
1428,1180.0,1180.0
1429,1180.0,1220.0
1430,1180.0,1260.0
1431,1180.0,1300.0
1432,1180.0,1340.0
1433,1180.0,1380.0
1434,1180.0,1420.0
1435,1180.0,1460.0
1436,1180.0,1500.0
1437,1180.0,1540.0
1438,1180.0,1580.0
1439,1180.0,1620.0
1440,1180.0,1660.0
1441,1180.0,1700.0
1442,1180.0,1740.0
1443,1180.0,1780.0
1444,1180.0,1820.0
1445,1180.0,1860.0
1446,1180.0,1900.0
1447,1180.0,1940.0
1448,1180.0,1980.0
1450,1220.0,60.0
1451,1220.0,100.0
1452,1220.0,140.0
1453,1220.0,180.0
1454,1220.0,220.0
1455,1220.0,260.0
1456,1220.0,300.0
1457,1220.0,340.0
1458,1220.0,380.0
1459,1220.0,420.0
1460,1220.0,460.0
1461,1220.0,500.0
1462,1220.0,540.0
1463,1220.0,580.0
1464,1220.0,620.0
1465,1220.0,660.0
1466,1220.0,700.0
1467,1220.0,740.0
1468,1220.0,780.0
1469,1220.0,820.0
1470,1220.0,860.0
1471,1220.0,900.0
1472,1220.0,940.0
1473,1220.0,980.0
1474,1220.0,1020.0
1475,1220.0,1060.0
1476,1220.0,1100.0
1477,1220.0,1140.0
1478,1220.0,1180.0
1479,1220.0,1220.0
1480,1220.0,1260.0
1481,1220.0,1300.0
1482,1220.0,1340.0
1483,1220.0,1380.0
1484,1220.0,1420.0
1485,1220.0,1460.0
1486,1220.0,1500.0
1487,1220.0,1540.0
1488,1220.0,1580.0
1489,1220.0,1620.0
1490,1220.0,1660.0
1491,1220.0,1700.0
1492,1220.0,1740.0
1493,1220.0,1780.0
1494,1220.0,1820.0
1495,1220.0,1860.0
1496,1220.0,1900.0
1497,1220.0,1940.0
1498,1220.0,1980.0
1500,1260.0,60.0
1501,1260.0,100.0
1502,1260.0,140.0
1503,1260.0,180.0
1504,1260.0,220.0
1505,1260.0,260.0
1506,1260.0,300.0
1507,1260.0,340.0
1508,1260.0,380.0
1509,1260.0,420.0
1510,1260.0,460.0
1511,1260.0,500.0
1512,1260.0,540.0
1513,1260.0,580.0
1514,1260.0,620.0
1515,1260.0,660.0
1516,1260.0,700.0
1517,1260.0,740.0
1518,1260.0,780.0
1519,1260.0,820.0
1520,1260.0,860.0
1521,1260.0,900.0
1522,1260.0,940.0
1523,1260.0,980.0
1524,1260.0,1020.0
1525,1260.0,1060.0
1526,1260.0,1100.0
1527,1260.0,1140.0
1528,1260.0,1180.0
1529,1260.0,1220.0
1530,1260.0,1260.0
1531,1260.0,1300.0
1532,1260.0,1340.0
1533,1260.0,1380.0
1534,1260.0,1420.0
1535,1260.0,1460.0
1536,1260.0,1500.0
1537,1260.0,1540.0
1538,1260.0,1580.0
1539,1260.0,1620.0
1540,1260.0,1660.0
1541,1260.0,1700.0
1542,1260.0,1740.0
1543,1260.0,1780.0
1544,1260.0,1820.0
1545,1260.0,1860.0
1546,1260.0,1900.0
1547,1260.0,1940.0
1548,1260.0,1980.0
1550,1300.0,60.0
1551,1300.0,100.0
1552,1300.0,140.0
1553,1300.0,180.0
1554,1300.0,220.0
1555,1300.0,260.0
1556,1300.0,300.0
1557,1300.0,340.0
1558,1300.0,380.0
1559,1300.0,420.0
1560,1300.0,460.0
1561,1300.0,500.0
1562,1300.0,540.0
1563,1300.0,580.0
1564,1300.0,620.0
1565,1300.0,660.0
1566,1300.0,700.0
1567,1300.0,740.0
1568,1300.0,780.0
1569,1300.0,820.0
1570,1300.0,860.0
1571,1300.0,900.0
1572,1300.0,940.0
1573,1300.0,980.0
1574,1300.0,1020.0
1575,1300.0,1060.0
1576,1300.0,1100.0
1577,1300.0,1140.0
1578,1300.0,1180.0
1579,1300.0,1220.0
1580,1300.0,1260.0
1581,1300.0,1300.0
1582,1300.0,1340.0
1583,1300.0,1380.0
1584,1300.0,1420.0
1585,1300.0,1460.0
1586,1300.0,1500.0
1587,1300.0,1540.0
1588,1300.0,1580.0
1589,1300.0,1620.0
1590,1300.0,1660.0
1591,1300.0,1700.0
1592,1300.0,1740.0
1593,1300.0,1780.0
1594,1300.0,1820.0
1595,1300.0,1860.0
1596,1300.0,1900.0
1597,1300.0,1940.0
1598,1300.0,1980.0
1600,1340.0,60.0
1601,1340.0,100.0
1602,1340.0,140.0
1603,1340.0,180.0
1604,1340.0,220.0
1605,1340.0,260.0
1606,1340.0,300.0
1607,1340.0,340.0
1608,1340.0,380.0
1609,1340.0,420.0
1610,1340.0,460.0
1611,1340.0,500.0
1612,1340.0,540.0
1613,1340.0,580.0
1614,1340.0,620.0
1615,1340.0,660.0
1616,1340.0,700.0
1617,1340.0,740.0
1618,1340.0,780.0
1619,1340.0,820.0
1620,1340.0,860.0
1621,1340.0,900.0
1622,1340.0,940.0
1623,1340.0,980.0
1624,1340.0,1020.0
1625,1340.0,1060.0
1626,1340.0,1100.0
1627,1340.0,1140.0
1628,1340.0,1180.0
1629,1340.0,1220.0
1630,1340.0,1260.0
1631,1340.0,1300.0
1632,1340.0,1340.0
1633,1340.0,1380.0
1634,1340.0,1420.0
1635,1340.0,1460.0
1636,1340.0,1500.0
1637,1340.0,1540.0
1638,1340.0,1580.0
1639,1340.0,1620.0
1640,1340.0,1660.0
1641,1340.0,1700.0
1642,1340.0,1740.0
1643,1340.0,1780.0
1644,1340.0,1820.0
1645,1340.0,1860.0
1646,1340.0,1900.0
1647,1340.0,1940.0
1648,1340.0,1980.0
1650,1380.0,60.0
1651,1380.0,100.0
1652,1380.0,140.0
1653,1380.0,180.0
1654,1380.0,220.0
1655,1380.0,260.0
1656,1380.0,300.0
1657,1380.0,340.0
1658,1380.0,380.0
1659,1380.0,420.0
1660,1380.0,460.0
1661,1380.0,500.0
1662,1380.0,540.0
1663,1380.0,580.0
1664,1380.0,620.0
1665,1380.0,660.0
1666,1380.0,700.0
1667,1380.0,740.0
1668,1380.0,780.0
1669,1380.0,820.0
1670,1380.0,860.0
1671,1380.0,900.0
1672,1380.0,940.0
1673,1380.0,980.0
1674,1380.0,1020.0
1675,1380.0,1060.0
1676,1380.0,1100.0
1677,1380.0,1140.0
1678,1380.0,1180.0
1679,1380.0,1220.0
1680,1380.0,1260.0
1681,1380.0,1300.0
1682,1380.0,1340.0
1683,1380.0,1380.0
1684,1380.0,1420.0
1685,1380.0,1460.0
1686,1380.0,1500.0
1687,1380.0,1540.0
1688,1380.0,1580.0
1689,1380.0,1620.0
1690,1380.0,1660.0
1691,1380.0,1700.0
1692,1380.0,1740.0
1693,1380.0,1780.0
1694,1380.0,1820.0
1695,1380.0,1860.0
1696,1380.0,1900.0
1697,1380.0,1940.0
1698,1380.0,1980.0
1700,1420.0,60.0
1701,1420.0,100.0
1702,1420.0,140.0
1703,1420.0,180.0
1704,1420.0,220.0
1705,1420.0,260.0
1706,1420.0,300.0
1707,1420.0,340.0
1708,1420.0,380.0
1709,1420.0,420.0
1710,1420.0,460.0
1711,1420.0,500.0
1712,1420.0,540.0
1713,1420.0,580.0
1714,1420.0,620.0
1715,1420.0,660.0
1716,1420.0,700.0
1717,1420.0,740.0
1718,1420.0,780.0
1719,1420.0,820.0
1720,1420.0,860.0
1721,1420.0,900.0
1722,1420.0,940.0
1723,1420.0,980.0
1724,1420.0,1020.0
1725,1420.0,1060.0
1726,1420.0,1100.0
1727,1420.0,1140.0
1728,1420.0,1180.0
1729,1420.0,1220.0
1730,1420.0,1260.0
1731,1420.0,1300.0
1732,1420.0,1340.0
1733,1420.0,1380.0
1734,1420.0,1420.0
1735,1420.0,1460.0
1736,1420.0,1500.0
1737,1420.0,1540.0
1738,1420.0,1580.0
1739,1420.0,1620.0
1740,1420.0,1660.0
1741,1420.0,1700.0
1742,1420.0,1740.0
1743,1420.0,1780.0
1744,1420.0,1820.0
1745,1420.0,1860.0
1746,1420.0,1900.0
1747,1420.0,1940.0
1748,1420.0,1980.0
1750,1460.0,60.0
1751,1460.0,100.0
1752,1460.0,140.0
1753,1460.0,180.0
1754,1460.0,220.0
1755,1460.0,260.0
1756,1460.0,300.0
1757,1460.0,340.0
1758,1460.0,380.0
1759,1460.0,420.0
1760,1460.0,460.0
1761,1460.0,500.0
1762,1460.0,540.0
1763,1460.0,580.0
1764,1460.0,620.0
1765,1460.0,660.0
1766,1460.0,700.0
1767,1460.0,740.0
1768,1460.0,780.0
1769,1460.0,820.0
1770,1460.0,860.0
1771,1460.0,900.0
1772,1460.0,940.0
1773,1460.0,980.0
1774,1460.0,1020.0
1775,1460.0,1060.0
1776,1460.0,1100.0
1777,1460.0,1140.0
1778,1460.0,1180.0
1779,1460.0,1220.0
1780,1460.0,1260.0
1781,1460.0,1300.0
1782,1460.0,1340.0
1783,1460.0,1380.0
1784,1460.0,1420.0
1785,1460.0,1460.0
1786,1460.0,1500.0
1787,1460.0,1540.0
1788,1460.0,1580.0
1789,1460.0,1620.0
1790,1460.0,1660.0
1791,1460.0,1700.0
1792,1460.0,1740.0
1793,1460.0,1780.0
1794,1460.0,1820.0
1795,1460.0,1860.0
1796,1460.0,1900.0
1797,1460.0,1940.0
1798,1460.0,1980.0
1800,1500.0,60.0
1801,1500.0,100.0
1802,1500.0,140.0
1803,1500.0,180.0
1804,1500.0,220.0
1805,1500.0,260.0
1806,1500.0,300.0
1807,1500.0,340.0
1808,1500.0,380.0
1809,1500.0,420.0
1810,1500.0,460.0
1811,1500.0,500.0
1812,1500.0,540.0
1813,1500.0,580.0
1814,1500.0,620.0
1815,1500.0,660.0
1816,1500.0,700.0
1817,1500.0,740.0
1818,1500.0,780.0
1819,1500.0,820.0
1820,1500.0,860.0
1821,1500.0,900.0
1822,1500.0,940.0
1823,1500.0,980.0
1824,1500.0,1020.0
1825,1500.0,1060.0
1826,1500.0,1100.0
1827,1500.0,1140.0
1828,1500.0,1180.0
1829,1500.0,1220.0
1830,1500.0,1260.0
1831,1500.0,1300.0
1832,1500.0,1340.0
1833,1500.0,1380.0
1834,1500.0,1420.0
1835,1500.0,1460.0
1836,1500.0,1500.0
1837,1500.0,1540.0
1838,1500.0,1580.0
1839,1500.0,1620.0
1840,1500.0,1660.0
1841,1500.0,1700.0
1842,1500.0,1740.0
1843,1500.0,1780.0
1844,1500.0,1820.0
1845,1500.0,1860.0
1846,1500.0,1900.0
1847,1500.0,1940.0
1848,1500.0,1980.0
1850,1540.0,60.0
1851,1540.0,100.0
1852,1540.0,140.0
1853,1540.0,180.0
1854,1540.0,220.0
1855,1540.0,260.0
1856,1540.0,300.0
1857,1540.0,340.0
1858,1540.0,380.0
1859,1540.0,420.0
1860,1540.0,460.0
1861,1540.0,500.0
1862,1540.0,540.0
1863,1540.0,580.0
1864,1540.0,620.0
1865,1540.0,660.0
1866,1540.0,700.0
1867,1540.0,740.0
1868,1540.0,780.0
1869,1540.0,820.0
1870,1540.0,860.0
1871,1540.0,900.0
1872,1540.0,940.0
1873,1540.0,980.0
1874,1540.0,1020.0
1875,1540.0,1060.0
1876,1540.0,1100.0
1877,1540.0,1140.0
1878,1540.0,1180.0
1879,1540.0,1220.0
1880,1540.0,1260.0
1881,1540.0,1300.0
1882,1540.0,1340.0
1883,1540.0,1380.0
1884,1540.0,1420.0
1885,1540.0,1460.0
1886,1540.0,1500.0
1887,1540.0,1540.0
1888,1540.0,1580.0
1889,1540.0,1620.0
1890,1540.0,1660.0
1891,1540.0,1700.0
1892,1540.0,1740.0
1893,1540.0,1780.0
1894,1540.0,1820.0
1895,1540.0,1860.0
1896,1540.0,1900.0
1897,1540.0,1940.0
1898,1540.0,1980.0
1900,1580.0,60.0
1901,1580.0,100.0
1902,1580.0,140.0
1903,1580.0,180.0
1904,1580.0,220.0
1905,1580.0,260.0
1906,1580.0,300.0
1907,1580.0,340.0
1908,1580.0,380.0
1909,1580.0,420.0
1910,1580.0,460.0
1911,1580.0,500.0
1912,1580.0,540.0
1913,1580.0,580.0
1914,1580.0,620.0
1915,1580.0,660.0
1916,1580.0,700.0
1917,1580.0,740.0
1918,1580.0,780.0
1919,1580.0,820.0
1920,1580.0,860.0
1921,1580.0,900.0
1922,1580.0,940.0
1923,1580.0,980.0
1924,1580.0,1020.0
1925,1580.0,1060.0
1926,1580.0,1100.0
1927,1580.0,1140.0
1928,1580.0,1180.0
1929,1580.0,1220.0
1930,1580.0,1260.0
1931,1580.0,1300.0
1932,1580.0,1340.0
1933,1580.0,1380.0
1934,1580.0,1420.0
1935,1580.0,1460.0
1936,1580.0,1500.0
1937,1580.0,1540.0
1938,1580.0,1580.0
1939,1580.0,1620.0
1940,1580.0,1660.0
1941,1580.0,1700.0
1942,1580.0,1740.0
1943,1580.0,1780.0
1944,1580.0,1820.0
1945,1580.0,1860.0
1946,1580.0,1900.0
1947,1580.0,1940.0
1948,1580.0,1980.0
1950,1620.0,60.0
1951,1620.0,100.0
1952,1620.0,140.0
1953,1620.0,180.0
1954,1620.0,220.0
1955,1620.0,260.0
1956,1620.0,300.0
1957,1620.0,340.0
1958,1620.0,380.0
1959,1620.0,420.0
1960,1620.0,460.0
1961,1620.0,500.0
1962,1620.0,540.0
1963,1620.0,580.0
1964,1620.0,620.0
1965,1620.0,660.0
1966,1620.0,700.0
1967,1620.0,740.0
1968,1620.0,780.0
1969,1620.0,820.0
1970,1620.0,860.0
1971,1620.0,900.0
1972,1620.0,940.0
1973,1620.0,980.0
1974,1620.0,1020.0
1975,1620.0,1060.0
1976,1620.0,1100.0
1977,1620.0,1140.0
1978,1620.0,1180.0
1979,1620.0,1220.0
1980,1620.0,1260.0
1981,1620.0,1300.0
1982,1620.0,1340.0
1983,1620.0,1380.0
1984,1620.0,1420.0
1985,1620.0,1460.0
1986,1620.0,1500.0
1987,1620.0,1540.0
1988,1620.0,1580.0
1989,1620.0,1620.0
1990,1620.0,1660.0
1991,1620.0,1700.0
1992,1620.0,1740.0
1993,1620.0,1780.0
1994,1620.0,1820.0
1995,1620.0,1860.0
1996,1620.0,1900.0
1997,1620.0,1940.0
1998,1620.0,1980.0
2000,1660.0,60.0
2001,1660.0,100.0
2002,1660.0,140.0
2003,1660.0,180.0
2004,1660.0,220.0
2005,1660.0,260.0
2006,1660.0,300.0
2007,1660.0,340.0
2008,1660.0,380.0
2009,1660.0,420.0
2010,1660.0,460.0
2011,1660.0,500.0
2012,1660.0,540.0
2013,1660.0,580.0
2014,1660.0,620.0
2015,1660.0,660.0
2016,1660.0,700.0
2017,1660.0,740.0
2018,1660.0,780.0
2019,1660.0,820.0
2020,1660.0,860.0
2021,1660.0,900.0
2022,1660.0,940.0
2023,1660.0,980.0
2024,1660.0,1020.0
2025,1660.0,1060.0
2026,1660.0,1100.0
2027,1660.0,1140.0
2028,1660.0,1180.0
2029,1660.0,1220.0
2030,1660.0,1260.0
2031,1660.0,1300.0
2032,1660.0,1340.0
2033,1660.0,1380.0
2034,1660.0,1420.0
2035,1660.0,1460.0
2036,1660.0,1500.0
2037,1660.0,1540.0
2038,1660.0,1580.0
2039,1660.0,1620.0
2040,1660.0,1660.0
2041,1660.0,1700.0
2042,1660.0,1740.0
2043,1660.0,1780.0
2044,1660.0,1820.0
2045,1660.0,1860.0
2046,1660.0,1900.0
2047,1660.0,1940.0
2048,1660.0,1980.0
2050,1700.0,60.0
2051,1700.0,100.0
2052,1700.0,140.0
2053,1700.0,180.0
2054,1700.0,220.0
2055,1700.0,260.0
2056,1700.0,300.0
2057,1700.0,340.0
2058,1700.0,380.0
2059,1700.0,420.0
2060,1700.0,460.0
2061,1700.0,500.0
2062,1700.0,540.0
2063,1700.0,580.0
2064,1700.0,620.0
2065,1700.0,660.0
2066,1700.0,700.0
2067,1700.0,740.0
2068,1700.0,780.0
2069,1700.0,820.0
2070,1700.0,860.0
2071,1700.0,900.0
2072,1700.0,940.0
2073,1700.0,980.0
2074,1700.0,1020.0
2075,1700.0,1060.0
2076,1700.0,1100.0
2077,1700.0,1140.0
2078,1700.0,1180.0
2079,1700.0,1220.0
2080,1700.0,1260.0
2081,1700.0,1300.0
2082,1700.0,1340.0
2083,1700.0,1380.0
2084,1700.0,1420.0
2085,1700.0,1460.0
2086,1700.0,1500.0
2087,1700.0,1540.0
2088,1700.0,1580.0
2089,1700.0,1620.0
2090,1700.0,1660.0
2091,1700.0,1700.0
2092,1700.0,1740.0
2093,1700.0,1780.0
2094,1700.0,1820.0
2095,1700.0,1860.0
2096,1700.0,1900.0
2097,1700.0,1940.0
2098,1700.0,1980.0
2100,1740.0,60.0
2101,1740.0,100.0
2102,1740.0,140.0
2103,1740.0,180.0
2104,1740.0,220.0
2105,1740.0,260.0
2106,1740.0,300.0
2107,1740.0,340.0
2108,1740.0,380.0
2109,1740.0,420.0
2110,1740.0,460.0
2111,1740.0,500.0
2112,1740.0,540.0
2113,1740.0,580.0
2114,1740.0,620.0
2115,1740.0,660.0
2116,1740.0,700.0
2117,1740.0,740.0
2118,1740.0,780.0
2119,1740.0,820.0
2120,1740.0,860.0
2121,1740.0,900.0
2122,1740.0,940.0
2123,1740.0,980.0
2124,1740.0,1020.0
2125,1740.0,1060.0
2126,1740.0,1100.0
2127,1740.0,1140.0
2128,1740.0,1180.0
2129,1740.0,1220.0
2130,1740.0,1260.0
2131,1740.0,1300.0
2132,1740.0,1340.0
2133,1740.0,1380.0
2134,1740.0,1420.0
2135,1740.0,1460.0
2136,1740.0,1500.0
2137,1740.0,1540.0
2138,1740.0,1580.0
2139,1740.0,1620.0
2140,1740.0,1660.0
2141,1740.0,1700.0
2142,1740.0,1740.0
2143,1740.0,1780.0
2144,1740.0,1820.0
2145,1740.0,1860.0
2146,1740.0,1900.0
2147,1740.0,1940.0
2148,1740.0,1980.0
2150,1780.0,60.0
2151,1780.0,100.0
2152,1780.0,140.0
2153,1780.0,180.0
2154,1780.0,220.0
2155,1780.0,260.0
2156,1780.0,300.0
2157,1780.0,340.0
2158,1780.0,380.0
2159,1780.0,420.0
2160,1780.0,460.0
2161,1780.0,500.0
2162,1780.0,540.0
2163,1780.0,580.0
2164,1780.0,620.0
2165,1780.0,660.0
2166,1780.0,700.0
2167,1780.0,740.0
2168,1780.0,780.0
2169,1780.0,820.0
2170,1780.0,860.0
2171,1780.0,900.0
2172,1780.0,940.0
2173,1780.0,980.0
2174,1780.0,1020.0
2175,1780.0,1060.0
2176,1780.0,1100.0
2177,1780.0,1140.0
2178,1780.0,1180.0
2179,1780.0,1220.0
2180,1780.0,1260.0
2181,1780.0,1300.0
2182,1780.0,1340.0
2183,1780.0,1380.0
2184,1780.0,1420.0
2185,1780.0,1460.0
2186,1780.0,1500.0
2187,1780.0,1540.0
2188,1780.0,1580.0
2189,1780.0,1620.0
2190,1780.0,1660.0
2191,1780.0,1700.0
2192,1780.0,1740.0
2193,1780.0,1780.0
2194,1780.0,1820.0
2195,1780.0,1860.0
2196,1780.0,1900.0
2197,1780.0,1940.0
2198,1780.0,1980.0
2200,1820.0,60.0
2201,1820.0,100.0
2202,1820.0,140.0
2203,1820.0,180.0
2204,1820.0,220.0
2205,1820.0,260.0
2206,1820.0,300.0
2207,1820.0,340.0
2208,1820.0,380.0
2209,1820.0,420.0
2210,1820.0,460.0
2211,1820.0,500.0
2212,1820.0,540.0
2213,1820.0,580.0
2214,1820.0,620.0
2215,1820.0,660.0
2216,1820.0,700.0
2217,1820.0,740.0
2218,1820.0,780.0
2219,1820.0,820.0
2220,1820.0,860.0
2221,1820.0,900.0
2222,1820.0,940.0
2223,1820.0,980.0
2224,1820.0,1020.0
2225,1820.0,1060.0
2226,1820.0,1100.0
2227,1820.0,1140.0
2228,1820.0,1180.0
2229,1820.0,1220.0
2230,1820.0,1260.0
2231,1820.0,1300.0
2232,1820.0,1340.0
2233,1820.0,1380.0
2234,1820.0,1420.0
2235,1820.0,1460.0
2236,1820.0,1500.0
2237,1820.0,1540.0
2238,1820.0,1580.0
2239,1820.0,1620.0
2240,1820.0,1660.0
2241,1820.0,1700.0
2242,1820.0,1740.0
2243,1820.0,1780.0
2244,1820.0,1820.0
2245,1820.0,1860.0
2246,1820.0,1900.0
2247,1820.0,1940.0
2248,1820.0,1980.0
2250,1860.0,60.0
2251,1860.0,100.0
2252,1860.0,140.0
2253,1860.0,180.0
2254,1860.0,220.0
2255,1860.0,260.0
2256,1860.0,300.0
2257,1860.0,340.0
2258,1860.0,380.0
2259,1860.0,420.0
2260,1860.0,460.0
2261,1860.0,500.0
2262,1860.0,540.0
2263,1860.0,580.0
2264,1860.0,620.0
2265,1860.0,660.0
2266,1860.0,700.0
2267,1860.0,740.0
2268,1860.0,780.0
2269,1860.0,820.0
2270,1860.0,860.0
2271,1860.0,900.0
2272,1860.0,940.0
2273,1860.0,980.0
2274,1860.0,1020.0
2275,1860.0,1060.0
2276,1860.0,1100.0
2277,1860.0,1140.0
2278,1860.0,1180.0
2279,1860.0,1220.0
2280,1860.0,1260.0
2281,1860.0,1300.0
2282,1860.0,1340.0
2283,1860.0,1380.0
2284,1860.0,1420.0
2285,1860.0,1460.0
2286,1860.0,1500.0
2287,1860.0,1540.0
2288,1860.0,1580.0
2289,1860.0,1620.0
2290,1860.0,1660.0
2291,1860.0,1700.0
2292,1860.0,1740.0
2293,1860.0,1780.0
2294,1860.0,1820.0
2295,1860.0,1860.0
2296,1860.0,1900.0
2297,1860.0,1940.0
2298,1860.0,1980.0
2300,1900.0,60.0
2301,1900.0,100.0
2302,1900.0,140.0
2303,1900.0,180.0
2304,1900.0,220.0
2305,1900.0,260.0
2306,1900.0,300.0
2307,1900.0,340.0
2308,1900.0,380.0
2309,1900.0,420.0
2310,1900.0,460.0
2311,1900.0,500.0
2312,1900.0,540.0
2313,1900.0,580.0
2314,1900.0,620.0
2315,1900.0,660.0
2316,1900.0,700.0
2317,1900.0,740.0
2318,1900.0,780.0
2319,1900.0,820.0
2320,1900.0,860.0
2321,1900.0,900.0
2322,1900.0,940.0
2323,1900.0,980.0
2324,1900.0,1020.0
2325,1900.0,1060.0
2326,1900.0,1100.0
2327,1900.0,1140.0
2328,1900.0,1180.0
2329,1900.0,1220.0
2330,1900.0,1260.0
2331,1900.0,1300.0
2332,1900.0,1340.0
2333,1900.0,1380.0
2334,1900.0,1420.0
2335,1900.0,1460.0
2336,1900.0,1500.0
2337,1900.0,1540.0
2338,1900.0,1580.0
2339,1900.0,1620.0
2340,1900.0,1660.0
2341,1900.0,1700.0
2342,1900.0,1740.0
2343,1900.0,1780.0
2344,1900.0,1820.0
2345,1900.0,1860.0
2346,1900.0,1900.0
2347,1900.0,1940.0
2348,1900.0,1980.0
2350,1940.0,60.0
2351,1940.0,100.0
2352,1940.0,140.0
2353,1940.0,180.0
2354,1940.0,220.0
2355,1940.0,260.0
2356,1940.0,300.0
2357,1940.0,340.0
2358,1940.0,380.0
2359,1940.0,420.0
2360,1940.0,460.0
2361,1940.0,500.0
2362,1940.0,540.0
2363,1940.0,580.0
2364,1940.0,620.0
2365,1940.0,660.0
2366,1940.0,700.0
2367,1940.0,740.0
2368,1940.0,780.0
2369,1940.0,820.0
2370,1940.0,860.0
2371,1940.0,900.0
2372,1940.0,940.0
2373,1940.0,980.0
2374,1940.0,1020.0
2375,1940.0,1060.0
2376,1940.0,1100.0
2377,1940.0,1140.0
2378,1940.0,1180.0
2379,1940.0,1220.0
2380,1940.0,1260.0
2381,1940.0,1300.0
2382,1940.0,1340.0
2383,1940.0,1380.0
2384,1940.0,1420.0
2385,1940.0,1460.0
2386,1940.0,1500.0
2387,1940.0,1540.0
2388,1940.0,1580.0
2389,1940.0,1620.0
2390,1940.0,1660.0
2391,1940.0,1700.0
2392,1940.0,1740.0
2393,1940.0,1780.0
2394,1940.0,1820.0
2395,1940.0,1860.0
2396,1940.0,1900.0
2397,1940.0,1940.0
2398,1940.0,1980.0
2400,1980.0,60.0
2401,1980.0,100.0
2402,1980.0,140.0
2403,1980.0,180.0
2404,1980.0,220.0
2405,1980.0,260.0
2406,1980.0,300.0
2407,1980.0,340.0
2408,1980.0,380.0
2409,1980.0,420.0
2410,1980.0,460.0
2411,1980.0,500.0
2412,1980.0,540.0
2413,1980.0,580.0
2414,1980.0,620.0
2415,1980.0,660.0
2416,1980.0,700.0
2417,1980.0,740.0
2418,1980.0,780.0
2419,1980.0,820.0
2420,1980.0,860.0
2421,1980.0,900.0
2422,1980.0,940.0
2423,1980.0,980.0
2424,1980.0,1020.0
2425,1980.0,1060.0
2426,1980.0,1100.0
2427,1980.0,1140.0
2428,1980.0,1180.0
2429,1980.0,1220.0
2430,1980.0,1260.0
2431,1980.0,1300.0
2432,1980.0,1340.0
2433,1980.0,1380.0
2434,1980.0,1420.0
2435,1980.0,1460.0
2436,1980.0,1500.0
2437,1980.0,1540.0
2438,1980.0,1580.0
2439,1980.0,1620.0
2440,1980.0,1660.0
2441,1980.0,1700.0
2442,1980.0,1740.0
2443,1980.0,1780.0
2444,1980.0,1820.0
2445,1980.0,1860.0
2446,1980.0,1900.0
2447,1980.0,1940.0
2448,1980.0,1980.0
0,1
0,50
1,2
1,51
2,3
2,52
3,4
3,53
4,5
4,54
5,6
5,55
6,7
6,56
7,8
7,57
8,9
8,58
9,10
9,59
10,11
10,60
11,12
11,61
12,13
12,62
13,14
13,63
14,15
14,64
15,16
15,65
16,17
16,66
17,18
17,67
18,19
18,68
19,20
19,69
20,21
20,70
21,22
21,71
22,23
22,72
23,24
23,73
24,25
24,74
25,26
25,75
26,27
26,76
27,28
27,77
28,29
28,78
29,30
29,79
30,31
30,80
31,32
31,81
32,33
32,82
33,34
33,83
34,35
34,84
35,36
35,85
36,37
36,86
37,38
37,87
38,39
38,88
39,40
39,89
40,41
40,90
41,42
41,91
42,43
42,92
43,44
43,93
44,45
44,94
45,46
45,95
46,47
46,96
47,48
47,97
48,98
50,51
50,100
51,52
51,101
52,53
52,102
53,54
53,103
54,55
54,104
55,56
55,105
56,57
56,106
57,58
57,107
58,59
58,108
59,60
59,109
60,61
60,110
61,62
61,111
62,63
62,112
63,64
63,113
64,65
64,114
65,66
65,115
66,67
66,116
67,68
67,117
68,69
68,118
69,70
69,119
70,71
70,120
71,72
71,121
72,73
72,122
73,74
73,123
74,75
74,124
75,76
75,125
76,77
76,126
77,78
77,127
78,79
78,128
79,80
79,129
80,81
80,130
81,82
81,131
82,83
82,132
83,84
83,133
84,85
84,134
85,86
85,135
86,87
86,136
87,88
87,137
88,89
88,138
89,90
89,139
90,91
90,140
91,92
91,141
92,93
92,142
93,94
93,143
94,95
94,144
95,96
95,145
96,97
96,146
97,98
97,147
98,148
100,101
100,150
101,102
101,151
102,103
102,152
103,104
103,153
104,105
104,154
105,106
105,155
106,107
106,156
107,108
107,157
108,109
108,158
109,110
109,159
110,111
110,160
111,112
111,161
112,113
112,162
113,114
113,163
114,115
114,164
115,116
115,165
116,117
116,166
117,118
117,167
118,119
118,168
119,120
119,169
120,121
120,170
121,122
121,171
122,123
122,172
123,124
123,173
124,125
124,174
125,126
125,175
126,127
126,176
127,128
127,177
128,129
128,178
129,130
129,179
130,131
130,180
131,132
131,181
132,133
132,182
133,134
133,183
134,135
134,184
135,136
135,185
136,137
136,186
137,138
137,187
138,139
138,188
139,140
139,189
140,141
140,190
141,142
141,191
142,143
142,192
143,144
143,193
144,145
144,194
145,146
145,195
146,147
146,196
147,148
147,197
148,198
150,151
150,200
151,152
151,201
152,153
152,202
153,154
153,203
154,155
154,204
155,156
155,205
156,157
156,206
157,158
157,207
158,159
158,208
159,160
159,209
160,161
160,210
161,162
161,211
162,163
162,212
163,164
163,213
164,165
164,214
165,166
165,215
166,167
166,216
167,168
167,217
168,169
168,218
169,170
169,219
170,171
170,220
171,172
171,221
172,173
172,222
173,174
173,223
174,175
174,224
175,176
175,225
176,177
176,226
177,178
177,227
178,179
178,228
179,180
179,229
180,181
180,230
181,182
181,231
182,183
182,232
183,184
183,233
184,185
184,234
185,186
185,235
186,187
186,236
187,188
187,237
188,189
188,238
189,190
189,239
190,191
190,240
191,192
191,241
192,193
192,242
193,194
193,243
194,195
194,244
195,196
195,245
196,197
196,246
197,198
197,247
198,248
200,201
200,250
201,202
201,251
202,203
202,252
203,204
203,253
204,205
204,254
205,206
205,255
206,207
206,256
207,208
207,257
208,209
208,258
209,210
209,259
210,211
210,260
211,212
211,261
212,213
212,262
213,214
213,263
214,215
214,264
215,216
215,265
216,217
216,266
217,218
217,267
218,219
218,268
219,220
219,269
220,221
220,270
221,222
221,271
222,223
222,272
223,224
223,273
224,225
224,274
225,226
225,275
226,227
226,276
227,228
227,277
228,229
228,278
229,230
229,279
230,231
230,280
231,232
231,281
232,233
232,282
233,234
233,283
234,235
234,284
235,236
235,285
236,237
236,286
237,238
237,287
238,239
238,288
239,240
239,289
240,241
240,290
241,242
241,291
242,243
242,292
243,244
243,293
244,245
244,294
245,246
245,295
246,247
246,296
247,248
247,297
248,298
250,251
250,300
251,252
251,301
252,253
252,302
253,254
253,303
254,255
254,304
255,256
255,305
256,257
256,306
257,258
257,307
258,259
258,308
259,260
259,309
260,261
260,310
261,262
261,311
262,263
262,312
263,264
263,313
264,265
264,314
265,266
265,315
266,267
266,316
267,268
267,317
268,269
268,318
269,270
269,319
270,271
270,320
271,272
271,321
272,273
272,322
273,274
273,323
274,275
274,324
275,276
275,325
276,277
276,326
277,278
277,327
278,279
278,328
279,280
279,329
280,281
280,330
281,282
281,331
282,283
282,332
283,284
283,333
284,285
284,334
285,286
285,335
286,287
286,336
287,288
287,337
288,289
288,338
289,290
289,339
290,291
290,340
291,292
291,341
292,293
292,342
293,294
293,343
294,295
294,344
295,296
295,345
296,297
296,346
297,298
297,347
298,348
300,301
300,350
301,302
301,351
302,303
302,352
303,304
303,353
304,305
304,354
305,306
305,355
306,307
306,356
307,308
307,357
308,309
308,358
309,310
309,359
310,311
310,360
311,312
311,361
312,313
312,362
313,314
313,363
314,315
314,364
315,316
315,365
316,317
316,366
317,318
317,367
318,319
318,368
319,320
319,369
320,321
320,370
321,322
321,371
322,323
322,372
323,324
323,373
324,325
324,374
325,326
325,375
326,327
326,376
327,328
327,377
328,329
328,378
329,330
329,379
330,331
330,380
331,332
331,381
332,333
332,382
333,334
333,383
334,335
334,384
335,336
335,385
336,337
336,386
337,338
337,387
338,339
338,388
339,340
339,389
340,341
340,390
341,342
341,391
342,343
342,392
343,344
343,393
344,345
344,394
345,346
345,395
346,347
346,396
347,348
347,397
348,398
350,351
350,400
351,352
351,401
352,353
352,402
353,354
353,403
354,355
354,404
355,356
355,405
356,357
356,406
357,358
357,407
358,359
358,408
359,360
359,409
360,361
360,410
361,362
361,411
362,363
362,412
363,364
363,413
364,365
364,414
365,366
365,415
366,367
366,416
367,368
367,417
368,369
368,418
369,370
369,419
370,371
370,420
371,372
371,421
372,373
372,422
373,374
373,423
374,375
374,424
375,376
375,425
376,377
376,426
377,378
377,427
378,379
378,428
379,380
379,429
380,381
380,430
381,382
381,431
382,383
382,432
383,384
383,433
384,385
384,434
385,386
385,435
386,387
386,436
387,388
387,437
388,389
388,438
389,390
389,439
390,391
390,440
391,392
391,441
392,393
392,442
393,394
393,443
394,395
394,444
395,396
395,445
396,397
396,446
397,398
397,447
398,448
400,401
400,450
401,402
401,451
402,403
402,452
403,404
403,453
404,405
404,454
405,406
405,455
406,407
406,456
407,408
407,457
408,409
408,458
409,410
409,459
410,411
410,460
411,412
411,461
412,413
412,462
413,414
413,463
414,415
414,464
415,416
415,465
416,417
416,466
417,418
417,467
418,419
418,468
419,420
419,469
420,421
420,470
421,422
421,471
422,423
422,472
423,424
423,473
424,425
424,474
425,426
425,475
426,427
426,476
427,428
427,477
428,429
428,478
429,430
429,479
430,431
430,480
431,432
431,481
432,433
432,482
433,434
433,483
434,435
434,484
435,436
435,485
436,437
436,486
437,438
437,487
438,439
438,488
439,440
439,489
440,441
440,490
441,442
441,491
442,443
442,492
443,444
443,493
444,445
444,494
445,446
445,495
446,447
446,496
447,448
447,497
448,498
450,451
450,500
451,452
451,501
452,453
452,502
453,454
453,503
454,455
454,504
455,456
455,505
456,457
456,506
457,458
457,507
458,459
458,508
459,460
459,509
460,461
460,510
461,462
461,511
462,463
462,512
463,464
463,513
464,465
464,514
465,466
465,515
466,467
466,516
467,468
467,517
468,469
468,518
469,470
469,519
470,471
470,520
471,472
471,521
472,473
472,522
473,474
473,523
474,475
474,524
475,476
475,525
476,477
476,526
477,478
477,527
478,479
478,528
479,480
479,529
480,481
480,530
481,482
481,531
482,483
482,532
483,484
483,533
484,485
484,534
485,486
485,535
486,487
486,536
487,488
487,537
488,489
488,538
489,490
489,539
490,491
490,540
491,492
491,541
492,493
492,542
493,494
493,543
494,495
494,544
495,496
495,545
496,497
496,546
497,498
497,547
498,548
500,501
500,550
501,502
501,551
502,503
502,552
503,504
503,553
504,505
504,554
505,506
505,555
506,507
506,556
507,508
507,557
508,509
508,558
509,510
509,559
510,511
510,560
511,512
511,561
512,513
512,562
513,514
513,563
514,515
514,564
515,516
515,565
516,517
516,566
517,518
517,567
518,519
518,568
519,520
519,569
520,521
520,570
521,522
521,571
522,523
522,572
523,524
523,573
524,525
524,574
525,526
525,575
526,527
526,576
527,528
527,577
528,529
528,578
529,530
529,579
530,531
530,580
531,532
531,581
532,533
532,582
533,534
533,583
534,535
534,584
535,536
535,585
536,537
536,586
537,538
537,587
538,539
538,588
539,540
539,589
540,541
540,590
541,542
541,591
542,543
542,592
543,544
543,593
544,545
544,594
545,546
545,595
546,547
546,596
547,548
547,597
548,598
550,551
550,600
551,552
551,601
552,553
552,602
553,554
553,603
554,555
554,604
555,556
555,605
556,557
556,606
557,558
557,607
558,559
558,608
559,560
559,609
560,561
560,610
561,562
561,611
562,563
562,612
563,564
563,613
564,565
564,614
565,566
565,615
566,567
566,616
567,568
567,617
568,569
568,618
569,570
569,619
570,571
570,620
571,572
571,621
572,573
572,622
573,574
573,623
574,575
574,624
575,576
575,625
576,577
576,626
577,578
577,627
578,579
578,628
579,580
579,629
580,581
580,630
581,582
581,631
582,583
582,632
583,584
583,633
584,585
584,634
585,586
585,635
586,587
586,636
587,588
587,637
588,589
588,638
589,590
589,639
590,591
590,640
591,592
591,641
592,593
592,642
593,594
593,643
594,595
594,644
595,596
595,645
596,597
596,646
597,598
597,647
598,648
600,601
600,650
601,602
601,651
602,603
602,652
603,604
603,653
604,605
604,654
605,606
605,655
606,607
606,656
607,608
607,657
608,609
608,658
609,610
609,659
610,611
610,660
611,612
611,661
612,613
612,662
613,614
613,663
614,615
614,664
615,616
615,665
616,617
616,666
617,618
617,667
618,619
618,668
619,620
619,669
620,621
620,670
621,622
621,671
622,623
622,672
623,624
623,673
624,625
624,674
625,626
625,675
626,627
626,676
627,628
627,677
628,629
628,678
629,630
629,679
630,631
630,680
631,632
631,681
632,633
632,682
633,634
633,683
634,635
634,684
635,636
635,685
636,637
636,686
637,638
637,687
638,639
638,688
639,640
639,689
640,641
640,690
641,642
641,691
642,643
642,692
643,644
643,693
644,645
644,694
645,646
645,695
646,647
646,696
647,648
647,697
648,698
650,651
650,700
651,652
651,701
652,653
652,702
653,654
653,703
654,655
654,704
655,656
655,705
656,657
656,706
657,658
657,707
658,659
658,708
659,660
659,709
660,661
660,710
661,662
661,711
662,663
662,712
663,664
663,713
664,665
664,714
665,666
665,715
666,667
666,716
667,668
667,717
668,669
668,718
669,670
669,719
670,671
670,720
671,672
671,721
672,673
672,722
673,674
673,723
674,675
674,724
675,676
675,725
676,677
676,726
677,678
677,727
678,679
678,728
679,680
679,729
680,681
680,730
681,682
681,731
682,683
682,732
683,684
683,733
684,685
684,734
685,686
685,735
686,687
686,736
687,688
687,737
688,689
688,738
689,690
689,739
690,691
690,740
691,692
691,741
692,693
692,742
693,694
693,743
694,695
694,744
695,696
695,745
696,697
696,746
697,698
697,747
698,748
700,701
700,750
701,702
701,751
702,703
702,752
703,704
703,753
704,705
704,754
705,706
705,755
706,707
706,756
707,708
707,757
708,709
708,758
709,710
709,759
710,711
710,760
711,712
711,761
712,713
712,762
713,714
713,763
714,715
714,764
715,716
715,765
716,717
716,766
717,718
717,767
718,719
718,768
719,720
719,769
720,721
720,770
721,722
721,771
722,723
722,772
723,724
723,773
724,725
724,774
725,726
725,775
726,727
726,776
727,728
727,777
728,729
728,778
729,730
729,779
730,731
730,780
731,732
731,781
732,733
732,782
733,734
733,783
734,735
734,784
735,736
735,785
736,737
736,786
737,738
737,787
738,739
738,788
739,740
739,789
740,741
740,790
741,742
741,791
742,743
742,792
743,744
743,793
744,745
744,794
745,746
745,795
746,747
746,796
747,748
747,797
748,798
750,751
750,800
751,752
751,801
752,753
752,802
753,754
753,803
754,755
754,804
755,756
755,805
756,757
756,806
757,758
757,807
758,759
758,808
759,760
759,809
760,761
760,810
761,762
761,811
762,763
762,812
763,764
763,813
764,765
764,814
765,766
765,815
766,767
766,816
767,768
767,817
768,769
768,818
769,770
769,819
770,771
770,820
771,772
771,821
772,773
772,822
773,774
773,823
774,775
774,824
775,776
775,825
776,777
776,826
777,778
777,827
778,779
778,828
779,780
779,829
780,781
780,830
781,782
781,831
782,783
782,832
783,784
783,833
784,785
784,834
785,786
785,835
786,787
786,836
787,788
787,837
788,789
788,838
789,790
789,839
790,791
790,840
791,792
791,841
792,793
792,842
793,794
793,843
794,795
794,844
795,796
795,845
796,797
796,846
797,798
797,847
798,848
800,801
800,850
801,802
801,851
802,803
802,852
803,804
803,853
804,805
804,854
805,806
805,855
806,807
806,856
807,808
807,857
808,809
808,858
809,810
809,859
810,811
810,860
811,812
811,861
812,813
812,862
813,814
813,863
814,815
814,864
815,816
815,865
816,817
816,866
817,818
817,867
818,819
818,868
819,820
819,869
820,821
820,870
821,822
821,871
822,823
822,872
823,824
823,873
824,825
824,874
825,826
825,875
826,827
826,876
827,828
827,877
828,829
828,878
829,830
829,879
830,831
830,880
831,832
831,881
832,833
832,882
833,834
833,883
834,835
834,884
835,836
835,885
836,837
836,886
837,838
837,887
838,839
838,888
839,840
839,889
840,841
840,890
841,842
841,891
842,843
842,892
843,844
843,893
844,845
844,894
845,846
845,895
846,847
846,896
847,848
847,897
848,898
850,851
850,900
851,852
851,901
852,853
852,902
853,854
853,903
854,855
854,904
855,856
855,905
856,857
856,906
857,858
857,907
858,859
858,908
859,860
859,909
860,861
860,910
861,862
861,911
862,863
862,912
863,864
863,913
864,865
864,914
865,866
865,915
866,867
866,916
867,868
867,917
868,869
868,918
869,870
869,919
870,871
870,920
871,872
871,921
872,873
872,922
873,874
873,923
874,875
874,924
875,876
875,925
876,877
876,926
877,878
877,927
878,879
878,928
879,880
879,929
880,881
880,930
881,882
881,931
882,883
882,932
883,884
883,933
884,885
884,934
885,886
885,935
886,887
886,936
887,888
887,937
888,889
888,938
889,890
889,939
890,891
890,940
891,892
891,941
892,893
892,942
893,894
893,943
894,895
894,944
895,896
895,945
896,897
896,946
897,898
897,947
898,948
900,901
900,950
901,902
901,951
902,903
902,952
903,904
903,953
904,905
904,954
905,906
905,955
906,907
906,956
907,908
907,957
908,909
908,958
909,910
909,959
910,911
910,960
911,912
911,961
912,913
912,962
913,914
913,963
914,915
914,964
915,916
915,965
916,917
916,966
917,918
917,967
918,919
918,968
919,920
919,969
920,921
920,970
921,922
921,971
922,923
922,972
923,924
923,973
924,925
924,974
925,926
925,975
926,927
926,976
927,928
927,977
928,929
928,978
929,930
929,979
930,931
930,980
931,932
931,981
932,933
932,982
933,934
933,983
934,935
934,984
935,936
935,985
936,937
936,986
937,938
937,987
938,939
938,988
939,940
939,989
940,941
940,990
941,942
941,991
942,943
942,992
943,944
943,993
944,945
944,994
945,946
945,995
946,947
946,996
947,948
947,997
948,998
950,951
950,1000
951,952
951,1001
952,953
952,1002
953,954
953,1003
954,955
954,1004
955,956
955,1005
956,957
956,1006
957,958
957,1007
958,959
958,1008
959,960
959,1009
960,961
960,1010
961,962
961,1011
962,963
962,1012
963,964
963,1013
964,965
964,1014
965,966
965,1015
966,967
966,1016
967,968
967,1017
968,969
968,1018
969,970
969,1019
970,971
970,1020
971,972
971,1021
972,973
972,1022
973,974
973,1023
974,975
974,1024
975,976
975,1025
976,977
976,1026
977,978
977,1027
978,979
978,1028
979,980
979,1029
980,981
980,1030
981,982
981,1031
982,983
982,1032
983,984
983,1033
984,985
984,1034
985,986
985,1035
986,987
986,1036
987,988
987,1037
988,989
988,1038
989,990
989,1039
990,991
990,1040
991,992
991,1041
992,993
992,1042
993,994
993,1043
994,995
994,1044
995,996
995,1045
996,997
996,1046
997,998
997,1047
998,1048
1000,1001
1000,1050
1001,1002
1001,1051
1002,1003
1002,1052
1003,1004
1003,1053
1004,1005
1004,1054
1005,1006
1005,1055
1006,1007
1006,1056
1007,1008
1007,1057
1008,1009
1008,1058
1009,1010
1009,1059
1010,1011
1010,1060
1011,1012
1011,1061
1012,1013
1012,1062
1013,1014
1013,1063
1014,1015
1014,1064
1015,1016
1015,1065
1016,1017
1016,1066
1017,1018
1017,1067
1018,1019
1018,1068
1019,1020
1019,1069
1020,1021
1020,1070
1021,1022
1021,1071
1022,1023
1022,1072
1023,1024
1023,1073
1024,1025
1024,1074
1025,1026
1025,1075
1026,1027
1026,1076
1027,1028
1027,1077
1028,1029
1028,1078
1029,1030
1029,1079
1030,1031
1030,1080
1031,1032
1031,1081
1032,1033
1032,1082
1033,1034
1033,1083
1034,1035
1034,1084
1035,1036
1035,1085
1036,1037
1036,1086
1037,1038
1037,1087
1038,1039
1038,1088
1039,1040
1039,1089
1040,1041
1040,1090
1041,1042
1041,1091
1042,1043
1042,1092
1043,1044
1043,1093
1044,1045
1044,1094
1045,1046
1045,1095
1046,1047
1046,1096
1047,1048
1047,1097
1048,1098
1050,1051
1050,1100
1051,1052
1051,1101
1052,1053
1052,1102
1053,1054
1053,1103
1054,1055
1054,1104
1055,1056
1055,1105
1056,1057
1056,1106
1057,1058
1057,1107
1058,1059
1058,1108
1059,1060
1059,1109
1060,1061
1060,1110
1061,1062
1061,1111
1062,1063
1062,1112
1063,1064
1063,1113
1064,1065
1064,1114
1065,1066
1065,1115
1066,1067
1066,1116
1067,1068
1067,1117
1068,1069
1068,1118
1069,1070
1069,1119
1070,1071
1070,1120
1071,1072
1071,1121
1072,1073
1072,1122
1073,1074
1073,1123
1074,1075
1074,1124
1075,1076
1075,1125
1076,1077
1076,1126
1077,1078
1077,1127
1078,1079
1078,1128
1079,1080
1079,1129
1080,1081
1080,1130
1081,1082
1081,1131
1082,1083
1082,1132
1083,1084
1083,1133
1084,1085
1084,1134
1085,1086
1085,1135
1086,1087
1086,1136
1087,1088
1087,1137
1088,1089
1088,1138
1089,1090
1089,1139
1090,1091
1090,1140
1091,1092
1091,1141
1092,1093
1092,1142
1093,1094
1093,1143
1094,1095
1094,1144
1095,1096
1095,1145
1096,1097
1096,1146
1097,1098
1097,1147
1098,1148
1100,1101
1100,1150
1101,1102
1101,1151
1102,1103
1102,1152
1103,1104
1103,1153
1104,1105
1104,1154
1105,1106
1105,1155
1106,1107
1106,1156
1107,1108
1107,1157
1108,1109
1108,1158
1109,1110
1109,1159
1110,1111
1110,1160
1111,1112
1111,1161
1112,1113
1112,1162
1113,1114
1113,1163
1114,1115
1114,1164
1115,1116
1115,1165
1116,1117
1116,1166
1117,1118
1117,1167
1118,1119
1118,1168
1119,1120
1119,1169
1120,1121
1120,1170
1121,1122
1121,1171
1122,1123
1122,1172
1123,1124
1123,1173
1124,1125
1124,1174
1125,1126
1125,1175
1126,1127
1126,1176
1127,1128
1127,1177
1128,1129
1128,1178
1129,1130
1129,1179
1130,1131
1130,1180
1131,1132
1131,1181
1132,1133
1132,1182
1133,1134
1133,1183
1134,1135
1134,1184
1135,1136
1135,1185
1136,1137
1136,1186
1137,1138
1137,1187
1138,1139
1138,1188
1139,1140
1139,1189
1140,1141
1140,1190
1141,1142
1141,1191
1142,1143
1142,1192
1143,1144
1143,1193
1144,1145
1144,1194
1145,1146
1145,1195
1146,1147
1146,1196
1147,1148
1147,1197
1148,1198
1150,1151
1150,1200
1151,1152
1151,1201
1152,1153
1152,1202
1153,1154
1153,1203
1154,1155
1154,1204
1155,1156
1155,1205
1156,1157
1156,1206
1157,1158
1157,1207
1158,1159
1158,1208
1159,1160
1159,1209
1160,1161
1160,1210
1161,1162
1161,1211
1162,1163
1162,1212
1163,1164
1163,1213
1164,1165
1164,1214
1165,1166
1165,1215
1166,1167
1166,1216
1167,1168
1167,1217
1168,1169
1168,1218
1169,1170
1169,1219
1170,1171
1170,1220
1171,1172
1171,1221
1172,1173
1172,1222
1173,1174
1173,1223
1174,1175
1174,1224
1175,1176
1175,1225
1176,1177
1176,1226
1177,1178
1177,1227
1178,1179
1178,1228
1179,1180
1179,1229
1180,1181
1180,1230
1181,1182
1181,1231
1182,1183
1182,1232
1183,1184
1183,1233
1184,1185
1184,1234
1185,1186
1185,1235
1186,1187
1186,1236
1187,1188
1187,1237
1188,1189
1188,1238
1189,1190
1189,1239
1190,1191
1190,1240
1191,1192
1191,1241
1192,1193
1192,1242
1193,1194
1193,1243
1194,1195
1194,1244
1195,1196
1195,1245
1196,1197
1196,1246
1197,1198
1197,1247
1198,1248
1200,1201
1200,1250
1201,1202
1201,1251
1202,1203
1202,1252
1203,1204
1203,1253
1204,1205
1204,1254
1205,1206
1205,1255
1206,1207
1206,1256
1207,1208
1207,1257
1208,1209
1208,1258
1209,1210
1209,1259
1210,1211
1210,1260
1211,1212
1211,1261
1212,1213
1212,1262
1213,1214
1213,1263
1214,1215
1214,1264
1215,1216
1215,1265
1216,1217
1216,1266
1217,1218
1217,1267
1218,1219
1218,1268
1219,1220
1219,1269
1220,1221
1220,1270
1221,1222
1221,1271
1222,1223
1222,1272
1223,1224
1223,1273
1224,1225
1224,1274
1225,1226
1225,1275
1226,1227
1226,1276
1227,1228
1227,1277
1228,1229
1228,1278
1229,1230
1229,1279
1230,1231
1230,1280
1231,1232
1231,1281
1232,1233
1232,1282
1233,1234
1233,1283
1234,1235
1234,1284
1235,1236
1235,1285
1236,1237
1236,1286
1237,1238
1237,1287
1238,1239
1238,1288
1239,1240
1239,1289
1240,1241
1240,1290
1241,1242
1241,1291
1242,1243
1242,1292
1243,1244
1243,1293
1244,1245
1244,1294
1245,1246
1245,1295
1246,1247
1246,1296
1247,1248
1247,1297
1248,1298
1250,1251
1250,1300
1251,1252
1251,1301
1252,1253
1252,1302
1253,1254
1253,1303
1254,1255
1254,1304
1255,1256
1255,1305
1256,1257
1256,1306
1257,1258
1257,1307
1258,1259
1258,1308
1259,1260
1259,1309
1260,1261
1260,1310
1261,1262
1261,1311
1262,1263
1262,1312
1263,1264
1263,1313
1264,1265
1264,1314
1265,1266
1265,1315
1266,1267
1266,1316
1267,1268
1267,1317
1268,1269
1268,1318
1269,1270
1269,1319
1270,1271
1270,1320
1271,1272
1271,1321
1272,1273
1272,1322
1273,1274
1273,1323
1274,1275
1274,1324
1275,1276
1275,1325
1276,1277
1276,1326
1277,1278
1277,1327
1278,1279
1278,1328
1279,1280
1279,1329
1280,1281
1280,1330
1281,1282
1281,1331
1282,1283
1282,1332
1283,1284
1283,1333
1284,1285
1284,1334
1285,1286
1285,1335
1286,1287
1286,1336
1287,1288
1287,1337
1288,1289
1288,1338
1289,1290
1289,1339
1290,1291
1290,1340
1291,1292
1291,1341
1292,1293
1292,1342
1293,1294
1293,1343
1294,1295
1294,1344
1295,1296
1295,1345
1296,1297
1296,1346
1297,1298
1297,1347
1298,1348
1300,1301
1300,1350
1301,1302
1301,1351
1302,1303
1302,1352
1303,1304
1303,1353
1304,1305
1304,1354
1305,1306
1305,1355
1306,1307
1306,1356
1307,1308
1307,1357
1308,1309
1308,1358
1309,1310
1309,1359
1310,1311
1310,1360
1311,1312
1311,1361
1312,1313
1312,1362
1313,1314
1313,1363
1314,1315
1314,1364
1315,1316
1315,1365
1316,1317
1316,1366
1317,1318
1317,1367
1318,1319
1318,1368
1319,1320
1319,1369
1320,1321
1320,1370
1321,1322
1321,1371
1322,1323
1322,1372
1323,1324
1323,1373
1324,1325
1324,1374
1325,1326
1325,1375
1326,1327
1326,1376
1327,1328
1327,1377
1328,1329
1328,1378
1329,1330
1329,1379
1330,1331
1330,1380
1331,1332
1331,1381
1332,1333
1332,1382
1333,1334
1333,1383
1334,1335
1334,1384
1335,1336
1335,1385
1336,1337
1336,1386
1337,1338
1337,1387
1338,1339
1338,1388
1339,1340
1339,1389
1340,1341
1340,1390
1341,1342
1341,1391
1342,1343
1342,1392
1343,1344
1343,1393
1344,1345
1344,1394
1345,1346
1345,1395
1346,1347
1346,1396
1347,1348
1347,1397
1348,1398
1350,1351
1350,1400
1351,1352
1351,1401
1352,1353
1352,1402
1353,1354
1353,1403
1354,1355
1354,1404
1355,1356
1355,1405
1356,1357
1356,1406
1357,1358
1357,1407
1358,1359
1358,1408
1359,1360
1359,1409
1360,1361
1360,1410
1361,1362
1361,1411
1362,1363
1362,1412
1363,1364
1363,1413
1364,1365
1364,1414
1365,1366
1365,1415
1366,1367
1366,1416
1367,1368
1367,1417
1368,1369
1368,1418
1369,1370
1369,1419
1370,1371
1370,1420
1371,1372
1371,1421
1372,1373
1372,1422
1373,1374
1373,1423
1374,1375
1374,1424
1375,1376
1375,1425
1376,1377
1376,1426
1377,1378
1377,1427
1378,1379
1378,1428
1379,1380
1379,1429
1380,1381
1380,1430
1381,1382
1381,1431
1382,1383
1382,1432
1383,1384
1383,1433
1384,1385
1384,1434
1385,1386
1385,1435
1386,1387
1386,1436
1387,1388
1387,1437
1388,1389
1388,1438
1389,1390
1389,1439
1390,1391
1390,1440
1391,1392
1391,1441
1392,1393
1392,1442
1393,1394
1393,1443
1394,1395
1394,1444
1395,1396
1395,1445
1396,1397
1396,1446
1397,1398
1397,1447
1398,1448
1400,1401
1400,1450
1401,1402
1401,1451
1402,1403
1402,1452
1403,1404
1403,1453
1404,1405
1404,1454
1405,1406
1405,1455
1406,1407
1406,1456
1407,1408
1407,1457
1408,1409
1408,1458
1409,1410
1409,1459
1410,1411
1410,1460
1411,1412
1411,1461
1412,1413
1412,1462
1413,1414
1413,1463
1414,1415
1414,1464
1415,1416
1415,1465
1416,1417
1416,1466
1417,1418
1417,1467
1418,1419
1418,1468
1419,1420
1419,1469
1420,1421
1420,1470
1421,1422
1421,1471
1422,1423
1422,1472
1423,1424
1423,1473
1424,1425
1424,1474
1425,1426
1425,1475
1426,1427
1426,1476
1427,1428
1427,1477
1428,1429
1428,1478
1429,1430
1429,1479
1430,1431
1430,1480
1431,1432
1431,1481
1432,1433
1432,1482
1433,1434
1433,1483
1434,1435
1434,1484
1435,1436
1435,1485
1436,1437
1436,1486
1437,1438
1437,1487
1438,1439
1438,1488
1439,1440
1439,1489
1440,1441
1440,1490
1441,1442
1441,1491
1442,1443
1442,1492
1443,1444
1443,1493
1444,1445
1444,1494
1445,1446
1445,1495
1446,1447
1446,1496
1447,1448
1447,1497
1448,1498
1450,1451
1450,1500
1451,1452
1451,1501
1452,1453
1452,1502
1453,1454
1453,1503
1454,1455
1454,1504
1455,1456
1455,1505
1456,1457
1456,1506
1457,1458
1457,1507
1458,1459
1458,1508
1459,1460
1459,1509
1460,1461
1460,1510
1461,1462
1461,1511
1462,1463
1462,1512
1463,1464
1463,1513
1464,1465
1464,1514
1465,1466
1465,1515
1466,1467
1466,1516
1467,1468
1467,1517
1468,1469
1468,1518
1469,1470
1469,1519
1470,1471
1470,1520
1471,1472
1471,1521
1472,1473
1472,1522
1473,1474
1473,1523
1474,1475
1474,1524
1475,1476
1475,1525
1476,1477
1476,1526
1477,1478
1477,1527
1478,1479
1478,1528
1479,1480
1479,1529
1480,1481
1480,1530
1481,1482
1481,1531
1482,1483
1482,1532
1483,1484
1483,1533
1484,1485
1484,1534
1485,1486
1485,1535
1486,1487
1486,1536
1487,1488
1487,1537
1488,1489
1488,1538
1489,1490
1489,1539
1490,1491
1490,1540
1491,1492
1491,1541
1492,1493
1492,1542
1493,1494
1493,1543
1494,1495
1494,1544
1495,1496
1495,1545
1496,1497
1496,1546
1497,1498
1497,1547
1498,1548
1500,1501
1500,1550
1501,1502
1501,1551
1502,1503
1502,1552
1503,1504
1503,1553
1504,1505
1504,1554
1505,1506
1505,1555
1506,1507
1506,1556
1507,1508
1507,1557
1508,1509
1508,1558
1509,1510
1509,1559
1510,1511
1510,1560
1511,1512
1511,1561
1512,1513
1512,1562
1513,1514
1513,1563
1514,1515
1514,1564
1515,1516
1515,1565
1516,1517
1516,1566
1517,1518
1517,1567
1518,1519
1518,1568
1519,1520
1519,1569
1520,1521
1520,1570
1521,1522
1521,1571
1522,1523
1522,1572
1523,1524
1523,1573
1524,1525
1524,1574
1525,1526
1525,1575
1526,1527
1526,1576
1527,1528
1527,1577
1528,1529
1528,1578
1529,1530
1529,1579
1530,1531
1530,1580
1531,1532
1531,1581
1532,1533
1532,1582
1533,1534
1533,1583
1534,1535
1534,1584
1535,1536
1535,1585
1536,1537
1536,1586
1537,1538
1537,1587
1538,1539
1538,1588
1539,1540
1539,1589
1540,1541
1540,1590
1541,1542
1541,1591
1542,1543
1542,1592
1543,1544
1543,1593
1544,1545
1544,1594
1545,1546
1545,1595
1546,1547
1546,1596
1547,1548
1547,1597
1548,1598
1550,1551
1550,1600
1551,1552
1551,1601
1552,1553
1552,1602
1553,1554
1553,1603
1554,1555
1554,1604
1555,1556
1555,1605
1556,1557
1556,1606
1557,1558
1557,1607
1558,1559
1558,1608
1559,1560
1559,1609
1560,1561
1560,1610
1561,1562
1561,1611
1562,1563
1562,1612
1563,1564
1563,1613
1564,1565
1564,1614
1565,1566
1565,1615
1566,1567
1566,1616
1567,1568
1567,1617
1568,1569
1568,1618
1569,1570
1569,1619
1570,1571
1570,1620
1571,1572
1571,1621
1572,1573
1572,1622
1573,1574
1573,1623
1574,1575
1574,1624
1575,1576
1575,1625
1576,1577
1576,1626
1577,1578
1577,1627
1578,1579
1578,1628
1579,1580
1579,1629
1580,1581
1580,1630
1581,1582
1581,1631
1582,1583
1582,1632
1583,1584
1583,1633
1584,1585
1584,1634
1585,1586
1585,1635
1586,1587
1586,1636
1587,1588
1587,1637
1588,1589
1588,1638
1589,1590
1589,1639
1590,1591
1590,1640
1591,1592
1591,1641
1592,1593
1592,1642
1593,1594
1593,1643
1594,1595
1594,1644
1595,1596
1595,1645
1596,1597
1596,1646
1597,1598
1597,1647
1598,1648
1600,1601
1600,1650
1601,1602
1601,1651
1602,1603
1602,1652
1603,1604
1603,1653
1604,1605
1604,1654
1605,1606
1605,1655
1606,1607
1606,1656
1607,1608
1607,1657
1608,1609
1608,1658
1609,1610
1609,1659
1610,1611
1610,1660
1611,1612
1611,1661
1612,1613
1612,1662
1613,1614
1613,1663
1614,1615
1614,1664
1615,1616
1615,1665
1616,1617
1616,1666
1617,1618
1617,1667
1618,1619
1618,1668
1619,1620
1619,1669
1620,1621
1620,1670
1621,1622
1621,1671
1622,1623
1622,1672
1623,1624
1623,1673
1624,1625
1624,1674
1625,1626
1625,1675
1626,1627
1626,1676
1627,1628
1627,1677
1628,1629
1628,1678
1629,1630
1629,1679
1630,1631
1630,1680
1631,1632
1631,1681
1632,1633
1632,1682
1633,1634
1633,1683
1634,1635
1634,1684
1635,1636
1635,1685
1636,1637
1636,1686
1637,1638
1637,1687
1638,1639
1638,1688
1639,1640
1639,1689
1640,1641
1640,1690
1641,1642
1641,1691
1642,1643
1642,1692
1643,1644
1643,1693
1644,1645
1644,1694
1645,1646
1645,1695
1646,1647
1646,1696
1647,1648
1647,1697
1648,1698
1650,1651
1650,1700
1651,1652
1651,1701
1652,1653
1652,1702
1653,1654
1653,1703
1654,1655
1654,1704
1655,1656
1655,1705
1656,1657
1656,1706
1657,1658
1657,1707
1658,1659
1658,1708
1659,1660
1659,1709
1660,1661
1660,1710
1661,1662
1661,1711
1662,1663
1662,1712
1663,1664
1663,1713
1664,1665
1664,1714
1665,1666
1665,1715
1666,1667
1666,1716
1667,1668
1667,1717
1668,1669
1668,1718
1669,1670
1669,1719
1670,1671
1670,1720
1671,1672
1671,1721
1672,1673
1672,1722
1673,1674
1673,1723
1674,1675
1674,1724
1675,1676
1675,1725
1676,1677
1676,1726
1677,1678
1677,1727
1678,1679
1678,1728
1679,1680
1679,1729
1680,1681
1680,1730
1681,1682
1681,1731
1682,1683
1682,1732
1683,1684
1683,1733
1684,1685
1684,1734
1685,1686
1685,1735
1686,1687
1686,1736
1687,1688
1687,1737
1688,1689
1688,1738
1689,1690
1689,1739
1690,1691
1690,1740
1691,1692
1691,1741
1692,1693
1692,1742
1693,1694
1693,1743
1694,1695
1694,1744
1695,1696
1695,1745
1696,1697
1696,1746
1697,1698
1697,1747
1698,1748
1700,1701
1700,1750
1701,1702
1701,1751
1702,1703
1702,1752
1703,1704
1703,1753
1704,1705
1704,1754
1705,1706
1705,1755
1706,1707
1706,1756
1707,1708
1707,1757
1708,1709
1708,1758
1709,1710
1709,1759
1710,1711
1710,1760
1711,1712
1711,1761
1712,1713
1712,1762
1713,1714
1713,1763
1714,1715
1714,1764
1715,1716
1715,1765
1716,1717
1716,1766
1717,1718
1717,1767
1718,1719
1718,1768
1719,1720
1719,1769
1720,1721
1720,1770
1721,1722
1721,1771
1722,1723
1722,1772
1723,1724
1723,1773
1724,1725
1724,1774
1725,1726
1725,1775
1726,1727
1726,1776
1727,1728
1727,1777
1728,1729
1728,1778
1729,1730
1729,1779
1730,1731
1730,1780
1731,1732
1731,1781
1732,1733
1732,1782
1733,1734
1733,1783
1734,1735
1734,1784
1735,1736
1735,1785
1736,1737
1736,1786
1737,1738
1737,1787
1738,1739
1738,1788
1739,1740
1739,1789
1740,1741
1740,1790
1741,1742
1741,1791
1742,1743
1742,1792
1743,1744
1743,1793
1744,1745
1744,1794
1745,1746
1745,1795
1746,1747
1746,1796
1747,1748
1747,1797
1748,1798
1750,1751
1750,1800
1751,1752
1751,1801
1752,1753
1752,1802
1753,1754
1753,1803
1754,1755
1754,1804
1755,1756
1755,1805
1756,1757
1756,1806
1757,1758
1757,1807
1758,1759
1758,1808
1759,1760
1759,1809
1760,1761
1760,1810
1761,1762
1761,1811
1762,1763
1762,1812
1763,1764
1763,1813
1764,1765
1764,1814
1765,1766
1765,1815
1766,1767
1766,1816
1767,1768
1767,1817
1768,1769
1768,1818
1769,1770
1769,1819
1770,1771
1770,1820
1771,1772
1771,1821
1772,1773
1772,1822
1773,1774
1773,1823
1774,1775
1774,1824
1775,1776
1775,1825
1776,1777
1776,1826
1777,1778
1777,1827
1778,1779
1778,1828
1779,1780
1779,1829
1780,1781
1780,1830
1781,1782
1781,1831
1782,1783
1782,1832
1783,1784
1783,1833
1784,1785
1784,1834
1785,1786
1785,1835
1786,1787
1786,1836
1787,1788
1787,1837
1788,1789
1788,1838
1789,1790
1789,1839
1790,1791
1790,1840
1791,1792
1791,1841
1792,1793
1792,1842
1793,1794
1793,1843
1794,1795
1794,1844
1795,1796
1795,1845
1796,1797
1796,1846
1797,1798
1797,1847
1798,1848
1800,1801
1800,1850
1801,1802
1801,1851
1802,1803
1802,1852
1803,1804
1803,1853
1804,1805
1804,1854
1805,1806
1805,1855
1806,1807
1806,1856
1807,1808
1807,1857
1808,1809
1808,1858
1809,1810
1809,1859
1810,1811
1810,1860
1811,1812
1811,1861
1812,1813
1812,1862
1813,1814
1813,1863
1814,1815
1814,1864
1815,1816
1815,1865
1816,1817
1816,1866
1817,1818
1817,1867
1818,1819
1818,1868
1819,1820
1819,1869
1820,1821
1820,1870
1821,1822
1821,1871
1822,1823
1822,1872
1823,1824
1823,1873
1824,1825
1824,1874
1825,1826
1825,1875
1826,1827
1826,1876
1827,1828
1827,1877
1828,1829
1828,1878
1829,1830
1829,1879
1830,1831
1830,1880
1831,1832
1831,1881
1832,1833
1832,1882
1833,1834
1833,1883
1834,1835
1834,1884
1835,1836
1835,1885
1836,1837
1836,1886
1837,1838
1837,1887
1838,1839
1838,1888
1839,1840
1839,1889
1840,1841
1840,1890
1841,1842
1841,1891
1842,1843
1842,1892
1843,1844
1843,1893
1844,1845
1844,1894
1845,1846
1845,1895
1846,1847
1846,1896
1847,1848
1847,1897
1848,1898
1850,1851
1850,1900
1851,1852
1851,1901
1852,1853
1852,1902
1853,1854
1853,1903
1854,1855
1854,1904
1855,1856
1855,1905
1856,1857
1856,1906
1857,1858
1857,1907
1858,1859
1858,1908
1859,1860
1859,1909
1860,1861
1860,1910
1861,1862
1861,1911
1862,1863
1862,1912
1863,1864
1863,1913
1864,1865
1864,1914
1865,1866
1865,1915
1866,1867
1866,1916
1867,1868
1867,1917
1868,1869
1868,1918
1869,1870
1869,1919
1870,1871
1870,1920
1871,1872
1871,1921
1872,1873
1872,1922
1873,1874
1873,1923
1874,1875
1874,1924
1875,1876
1875,1925
1876,1877
1876,1926
1877,1878
1877,1927
1878,1879
1878,1928
1879,1880
1879,1929
1880,1881
1880,1930
1881,1882
1881,1931
1882,1883
1882,1932
1883,1884
1883,1933
1884,1885
1884,1934
1885,1886
1885,1935
1886,1887
1886,1936
1887,1888
1887,1937
1888,1889
1888,1938
1889,1890
1889,1939
1890,1891
1890,1940
1891,1892
1891,1941
1892,1893
1892,1942
1893,1894
1893,1943
1894,1895
1894,1944
1895,1896
1895,1945
1896,1897
1896,1946
1897,1898
1897,1947
1898,1948
1900,1901
1900,1950
1901,1902
1901,1951
1902,1903
1902,1952
1903,1904
1903,1953
1904,1905
1904,1954
1905,1906
1905,1955
1906,1907
1906,1956
1907,1908
1907,1957
1908,1909
1908,1958
1909,1910
1909,1959
1910,1911
1910,1960
1911,1912
1911,1961
1912,1913
1912,1962
1913,1914
1913,1963
1914,1915
1914,1964
1915,1916
1915,1965
1916,1917
1916,1966
1917,1918
1917,1967
1918,1919
1918,1968
1919,1920
1919,1969
1920,1921
1920,1970
1921,1922
1921,1971
1922,1923
1922,1972
1923,1924
1923,1973
1924,1925
1924,1974
1925,1926
1925,1975
1926,1927
1926,1976
1927,1928
1927,1977
1928,1929
1928,1978
1929,1930
1929,1979
1930,1931
1930,1980
1931,1932
1931,1981
1932,1933
1932,1982
1933,1934
1933,1983
1934,1935
1934,1984
1935,1936
1935,1985
1936,1937
1936,1986
1937,1938
1937,1987
1938,1939
1938,1988
1939,1940
1939,1989
1940,1941
1940,1990
1941,1942
1941,1991
1942,1943
1942,1992
1943,1944
1943,1993
1944,1945
1944,1994
1945,1946
1945,1995
1946,1947
1946,1996
1947,1948
1947,1997
1948,1998
1950,1951
1950,2000
1951,1952
1951,2001
1952,1953
1952,2002
1953,1954
1953,2003
1954,1955
1954,2004
1955,1956
1955,2005
1956,1957
1956,2006
1957,1958
1957,2007
1958,1959
1958,2008
1959,1960
1959,2009
1960,1961
1960,2010
1961,1962
1961,2011
1962,1963
1962,2012
1963,1964
1963,2013
1964,1965
1964,2014
1965,1966
1965,2015
1966,1967
1966,2016
1967,1968
1967,2017
1968,1969
1968,2018
1969,1970
1969,2019
1970,1971
1970,2020
1971,1972
1971,2021
1972,1973
1972,2022
1973,1974
1973,2023
1974,1975
1974,2024
1975,1976
1975,2025
1976,1977
1976,2026
1977,1978
1977,2027
1978,1979
1978,2028
1979,1980
1979,2029
1980,1981
1980,2030
1981,1982
1981,2031
1982,1983
1982,2032
1983,1984
1983,2033
1984,1985
1984,2034
1985,1986
1985,2035
1986,1987
1986,2036
1987,1988
1987,2037
1988,1989
1988,2038
1989,1990
1989,2039
1990,1991
1990,2040
1991,1992
1991,2041
1992,1993
1992,2042
1993,1994
1993,2043
1994,1995
1994,2044
1995,1996
1995,2045
1996,1997
1996,2046
1997,1998
1997,2047
1998,2048
2000,2001
2000,2050
2001,2002
2001,2051
2002,2003
2002,2052
2003,2004
2003,2053
2004,2005
2004,2054
2005,2006
2005,2055
2006,2007
2006,2056
2007,2008
2007,2057
2008,2009
2008,2058
2009,2010
2009,2059
2010,2011
2010,2060
2011,2012
2011,2061
2012,2013
2012,2062
2013,2014
2013,2063
2014,2015
2014,2064
2015,2016
2015,2065
2016,2017
2016,2066
2017,2018
2017,2067
2018,2019
2018,2068
2019,2020
2019,2069
2020,2021
2020,2070
2021,2022
2021,2071
2022,2023
2022,2072
2023,2024
2023,2073
2024,2025
2024,2074
2025,2026
2025,2075
2026,2027
2026,2076
2027,2028
2027,2077
2028,2029
2028,2078
2029,2030
2029,2079
2030,2031
2030,2080
2031,2032
2031,2081
2032,2033
2032,2082
2033,2034
2033,2083
2034,2035
2034,2084
2035,2036
2035,2085
2036,2037
2036,2086
2037,2038
2037,2087
2038,2039
2038,2088
2039,2040
2039,2089
2040,2041
2040,2090
2041,2042
2041,2091
2042,2043
2042,2092
2043,2044
2043,2093
2044,2045
2044,2094
2045,2046
2045,2095
2046,2047
2046,2096
2047,2048
2047,2097
2048,2098
2050,2051
2050,2100
2051,2052
2051,2101
2052,2053
2052,2102
2053,2054
2053,2103
2054,2055
2054,2104
2055,2056
2055,2105
2056,2057
2056,2106
2057,2058
2057,2107
2058,2059
2058,2108
2059,2060
2059,2109
2060,2061
2060,2110
2061,2062
2061,2111
2062,2063
2062,2112
2063,2064
2063,2113
2064,2065
2064,2114
2065,2066
2065,2115
2066,2067
2066,2116
2067,2068
2067,2117
2068,2069
2068,2118
2069,2070
2069,2119
2070,2071
2070,2120
2071,2072
2071,2121
2072,2073
2072,2122
2073,2074
2073,2123
2074,2075
2074,2124
2075,2076
2075,2125
2076,2077
2076,2126
2077,2078
2077,2127
2078,2079
2078,2128
2079,2080
2079,2129
2080,2081
2080,2130
2081,2082
2081,2131
2082,2083
2082,2132
2083,2084
2083,2133
2084,2085
2084,2134
2085,2086
2085,2135
2086,2087
2086,2136
2087,2088
2087,2137
2088,2089
2088,2138
2089,2090
2089,2139
2090,2091
2090,2140
2091,2092
2091,2141
2092,2093
2092,2142
2093,2094
2093,2143
2094,2095
2094,2144
2095,2096
2095,2145
2096,2097
2096,2146
2097,2098
2097,2147
2098,2148
2100,2101
2100,2150
2101,2102
2101,2151
2102,2103
2102,2152
2103,2104
2103,2153
2104,2105
2104,2154
2105,2106
2105,2155
2106,2107
2106,2156
2107,2108
2107,2157
2108,2109
2108,2158
2109,2110
2109,2159
2110,2111
2110,2160
2111,2112
2111,2161
2112,2113
2112,2162
2113,2114
2113,2163
2114,2115
2114,2164
2115,2116
2115,2165
2116,2117
2116,2166
2117,2118
2117,2167
2118,2119
2118,2168
2119,2120
2119,2169
2120,2121
2120,2170
2121,2122
2121,2171
2122,2123
2122,2172
2123,2124
2123,2173
2124,2125
2124,2174
2125,2126
2125,2175
2126,2127
2126,2176
2127,2128
2127,2177
2128,2129
2128,2178
2129,2130
2129,2179
2130,2131
2130,2180
2131,2132
2131,2181
2132,2133
2132,2182
2133,2134
2133,2183
2134,2135
2134,2184
2135,2136
2135,2185
2136,2137
2136,2186
2137,2138
2137,2187
2138,2139
2138,2188
2139,2140
2139,2189
2140,2141
2140,2190
2141,2142
2141,2191
2142,2143
2142,2192
2143,2144
2143,2193
2144,2145
2144,2194
2145,2146
2145,2195
2146,2147
2146,2196
2147,2148
2147,2197
2148,2198
2150,2151
2150,2200
2151,2152
2151,2201
2152,2153
2152,2202
2153,2154
2153,2203
2154,2155
2154,2204
2155,2156
2155,2205
2156,2157
2156,2206
2157,2158
2157,2207
2158,2159
2158,2208
2159,2160
2159,2209
2160,2161
2160,2210
2161,2162
2161,2211
2162,2163
2162,2212
2163,2164
2163,2213
2164,2165
2164,2214
2165,2166
2165,2215
2166,2167
2166,2216
2167,2168
2167,2217
2168,2169
2168,2218
2169,2170
2169,2219
2170,2171
2170,2220
2171,2172
2171,2221
2172,2173
2172,2222
2173,2174
2173,2223
2174,2175
2174,2224
2175,2176
2175,2225
2176,2177
2176,2226
2177,2178
2177,2227
2178,2179
2178,2228
2179,2180
2179,2229
2180,2181
2180,2230
2181,2182
2181,2231
2182,2183
2182,2232
2183,2184
2183,2233
2184,2185
2184,2234
2185,2186
2185,2235
2186,2187
2186,2236
2187,2188
2187,2237
2188,2189
2188,2238
2189,2190
2189,2239
2190,2191
2190,2240
2191,2192
2191,2241
2192,2193
2192,2242
2193,2194
2193,2243
2194,2195
2194,2244
2195,2196
2195,2245
2196,2197
2196,2246
2197,2198
2197,2247
2198,2248
2200,2201
2200,2250
2201,2202
2201,2251
2202,2203
2202,2252
2203,2204
2203,2253
2204,2205
2204,2254
2205,2206
2205,2255
2206,2207
2206,2256
2207,2208
2207,2257
2208,2209
2208,2258
2209,2210
2209,2259
2210,2211
2210,2260
2211,2212
2211,2261
2212,2213
2212,2262
2213,2214
2213,2263
2214,2215
2214,2264
2215,2216
2215,2265
2216,2217
2216,2266
2217,2218
2217,2267
2218,2219
2218,2268
2219,2220
2219,2269
2220,2221
2220,2270
2221,2222
2221,2271
2222,2223
2222,2272
2223,2224
2223,2273
2224,2225
2224,2274
2225,2226
2225,2275
2226,2227
2226,2276
2227,2228
2227,2277
2228,2229
2228,2278
2229,2230
2229,2279
2230,2231
2230,2280
2231,2232
2231,2281
2232,2233
2232,2282
2233,2234
2233,2283
2234,2235
2234,2284
2235,2236
2235,2285
2236,2237
2236,2286
2237,2238
2237,2287
2238,2239
2238,2288
2239,2240
2239,2289
2240,2241
2240,2290
2241,2242
2241,2291
2242,2243
2242,2292
2243,2244
2243,2293
2244,2245
2244,2294
2245,2246
2245,2295
2246,2247
2246,2296
2247,2248
2247,2297
2248,2298
2250,2251
2250,2300
2251,2252
2251,2301
2252,2253
2252,2302
2253,2254
2253,2303
2254,2255
2254,2304
2255,2256
2255,2305
2256,2257
2256,2306
2257,2258
2257,2307
2258,2259
2258,2308
2259,2260
2259,2309
2260,2261
2260,2310
2261,2262
2261,2311
2262,2263
2262,2312
2263,2264
2263,2313
2264,2265
2264,2314
2265,2266
2265,2315
2266,2267
2266,2316
2267,2268
2267,2317
2268,2269
2268,2318
2269,2270
2269,2319
2270,2271
2270,2320
2271,2272
2271,2321
2272,2273
2272,2322
2273,2274
2273,2323
2274,2275
2274,2324
2275,2276
2275,2325
2276,2277
2276,2326
2277,2278
2277,2327
2278,2279
2278,2328
2279,2280
2279,2329
2280,2281
2280,2330
2281,2282
2281,2331
2282,2283
2282,2332
2283,2284
2283,2333
2284,2285
2284,2334
2285,2286
2285,2335
2286,2287
2286,2336
2287,2288
2287,2337
2288,2289
2288,2338
2289,2290
2289,2339
2290,2291
2290,2340
2291,2292
2291,2341
2292,2293
2292,2342
2293,2294
2293,2343
2294,2295
2294,2344
2295,2296
2295,2345
2296,2297
2296,2346
2297,2298
2297,2347
2298,2348
2300,2301
2300,2350
2301,2302
2301,2351
2302,2303
2302,2352
2303,2304
2303,2353
2304,2305
2304,2354
2305,2306
2305,2355
2306,2307
2306,2356
2307,2308
2307,2357
2308,2309
2308,2358
2309,2310
2309,2359
2310,2311
2310,2360
2311,2312
2311,2361
2312,2313
2312,2362
2313,2314
2313,2363
2314,2315
2314,2364
2315,2316
2315,2365
2316,2317
2316,2366
2317,2318
2317,2367
2318,2319
2318,2368
2319,2320
2319,2369
2320,2321
2320,2370
2321,2322
2321,2371
2322,2323
2322,2372
2323,2324
2323,2373
2324,2325
2324,2374
2325,2326
2325,2375
2326,2327
2326,2376
2327,2328
2327,2377
2328,2329
2328,2378
2329,2330
2329,2379
2330,2331
2330,2380
2331,2332
2331,2381
2332,2333
2332,2382
2333,2334
2333,2383
2334,2335
2334,2384
2335,2336
2335,2385
2336,2337
2336,2386
2337,2338
2337,2387
2338,2339
2338,2388
2339,2340
2339,2389
2340,2341
2340,2390
2341,2342
2341,2391
2342,2343
2342,2392
2343,2344
2343,2393
2344,2345
2344,2394
2345,2346
2345,2395
2346,2347
2346,2396
2347,2348
2347,2397
2348,2398
2350,2351
2350,2400
2351,2352
2351,2401
2352,2353
2352,2402
2353,2354
2353,2403
2354,2355
2354,2404
2355,2356
2355,2405
2356,2357
2356,2406
2357,2358
2357,2407
2358,2359
2358,2408
2359,2360
2359,2409
2360,2361
2360,2410
2361,2362
2361,2411
2362,2363
2362,2412
2363,2364
2363,2413
2364,2365
2364,2414
2365,2366
2365,2415
2366,2367
2366,2416
2367,2368
2367,2417
2368,2369
2368,2418
2369,2370
2369,2419
2370,2371
2370,2420
2371,2372
2371,2421
2372,2373
2372,2422
2373,2374
2373,2423
2374,2375
2374,2424
2375,2376
2375,2425
2376,2377
2376,2426
2377,2378
2377,2427
2378,2379
2378,2428
2379,2380
2379,2429
2380,2381
2380,2430
2381,2382
2381,2431
2382,2383
2382,2432
2383,2384
2383,2433
2384,2385
2384,2434
2385,2386
2385,2435
2386,2387
2386,2436
2387,2388
2387,2437
2388,2389
2388,2438
2389,2390
2389,2439
2390,2391
2390,2440
2391,2392
2391,2441
2392,2393
2392,2442
2393,2394
2393,2443
2394,2395
2394,2444
2395,2396
2395,2445
2396,2397
2396,2446
2397,2398
2397,2447
2398,2448
2400,2401
2401,2402
2402,2403
2403,2404
2404,2405
2405,2406
2406,2407
2407,2408
2408,2409
2409,2410
2410,2411
2411,2412
2412,2413
2413,2414
2414,2415
2415,2416
2416,2417
2417,2418
2418,2419
2419,2420
2420,2421
2421,2422
2422,2423
2423,2424
2424,2425
2425,2426
2426,2427
2427,2428
2428,2429
2429,2430
2430,2431
2431,2432
2432,2433
2433,2434
2434,2435
2435,2436
2436,2437
2437,2438
2438,2439
2439,2440
2440,2441
2441,2442
2442,2443
2443,2444
2444,2445
2445,2446
2446,2447
2447,2448
