460,460,100,180
0,60.0,60.0
1,60.0,100.0
2,60.0,140.0
3,60.0,180.0
4,60.0,220.0
5,60.0,260.0
6,60.0,300.0
7,60.0,340.0
8,60.0,380.0
9,60.0,420.0
10,100.0,60.0
11,100.0,100.0
12,100.0,140.0
13,100.0,180.0
14,100.0,220.0
15,100.0,260.0
16,100.0,300.0
17,100.0,340.0
18,100.0,380.0
19,100.0,420.0
20,140.0,60.0
21,140.0,100.0
22,140.0,140.0
23,140.0,180.0
24,140.0,220.0
25,140.0,260.0
26,140.0,300.0
27,140.0,340.0
28,140.0,380.0
29,140.0,420.0
30,180.0,60.0
31,180.0,100.0
32,180.0,140.0
33,180.0,180.0
34,180.0,220.0
35,180.0,260.0
36,180.0,300.0
37,180.0,340.0
38,180.0,380.0
39,180.0,420.0
40,220.0,60.0
41,220.0,100.0
42,220.0,140.0
43,220.0,180.0
44,220.0,220.0
45,220.0,260.0
46,220.0,300.0
47,220.0,340.0
48,220.0,380.0
49,220.0,420.0
50,260.0,60.0
51,260.0,100.0
52,260.0,140.0
53,260.0,180.0
54,260.0,220.0
55,260.0,260.0
56,260.0,300.0
57,260.0,340.0
58,260.0,380.0
59,260.0,420.0
60,300.0,60.0
61,300.0,100.0
62,300.0,140.0
63,300.0,180.0
64,300.0,220.0
65,300.0,260.0
66,300.0,300.0
67,300.0,340.0
68,300.0,380.0
69,300.0,420.0
70,340.0,60.0
71,340.0,100.0
72,340.0,140.0
73,340.0,180.0
74,340.0,220.0
75,340.0,260.0
76,340.0,300.0
77,340.0,340.0
78,340.0,380.0
79,340.0,420.0
80,380.0,60.0
81,380.0,100.0
82,380.0,140.0
83,380.0,180.0
84,380.0,220.0
85,380.0,260.0
86,380.0,300.0
87,380.0,340.0
88,380.0,380.0
89,380.0,420.0
90,420.0,60.0
91,420.0,100.0
92,420.0,140.0
93,420.0,180.0
94,420.0,220.0
95,420.0,260.0
96,420.0,300.0
97,420.0,340.0
98,420.0,380.0
99,420.0,420.0
0,1
0,10
1,2
1,11
2,3
2,12
3,4
3,13
4,5
4,14
5,6
5,15
6,7
6,16
7,8
7,17
8,9
8,18
9,19
10,11
10,20
11,12
11,21
12,13
12,22
13,14
13,23
14,15
14,24
15,16
15,25
16,17
16,26
17,18
17,27
18,19
18,28
19,29
20,21
20,30
21,22
21,31
22,23
22,32
23,24
23,33
24,25
24,34
25,26
25,35
26,27
26,36
27,28
27,37
28,29
28,38
29,39
30,31
30,40
31,32
31,41
32,33
32,42
33,34
33,43
34,35
34,44
35,36
35,45
36,37
36,46
37,38
37,47
38,39
38,48
39,49
40,41
40,50
41,42
41,51
42,43
42,52
43,44
43,53
44,45
44,54
45,46
45,55
46,47
46,56
47,48
47,57
48,49
48,58
49,59
50,51
50,60
51,52
51,61
52,53
52,62
53,54
53,63
54,55
54,64
55,56
55,65
56,57
56,66
57,58
57,67
58,59
58,68
59,69
60,61
60,70
61,62
61,71
62,63
62,72
63,64
63,73
64,65
64,74
65,66
65,75
66,67
66,76
67,68
67,77
68,69
68,78
69,79
70,71
70,80
71,72
71,81
72,73
72,82
73,74
73,83
74,75
74,84
75,76
75,85
76,77
76,86
77,78
77,87
78,79
78,88
79,89
80,81
80,90
81,82
81,91
82,83
82,92
83,84
83,93
84,85
84,94
85,86
85,95
86,87
86,96
87,88
87,97
88,89
88,98
89,99
90,91
91,92
92,93
93,94
94,95
95,96
96,97
97,98
98,99
