1000,1000,100,180
0,54.0,55.0
1,54.0,155.0
2,54.0,255.0
3,54.0,355.0
4,54.0,455.0
5,54.0,555.0
6,54.0,655.0
7,54.0,755.0
8,54.0,855.0
9,54.0,955.0
10,154.0,55.0
11,154.0,155.0
12,154.0,255.0
13,154.0,355.0
14,154.0,455.0
15,154.0,555.0
16,154.0,655.0
17,154.0,755.0
18,154.0,855.0
19,154.0,955.0
20,254.0,55.0
21,254.0,155.0
22,254.0,255.0
23,254.0,355.0
24,254.0,455.0
25,254.0,555.0
26,254.0,655.0
27,254.0,755.0
28,254.0,855.0
29,254.0,955.0
30,354.0,55.0
31,354.0,155.0
32,354.0,255.0
33,354.0,355.0
34,354.0,455.0
35,354.0,555.0
36,354.0,655.0
37,354.0,755.0
38,354.0,855.0
39,354.0,955.0
40,454.0,55.0
41,454.0,155.0
42,454.0,255.0
43,454.0,355.0
44,454.0,455.0
45,454.0,555.0
46,454.0,655.0
47,454.0,755.0
48,454.0,855.0
49,454.0,955.0
50,554.0,55.0
51,554.0,155.0
52,554.0,255.0
53,554.0,355.0
54,554.0,455.0
55,554.0,555.0
56,554.0,655.0
57,554.0,755.0
58,554.0,855.0
59,554.0,955.0
60,654.0,55.0
61,654.0,155.0
62,654.0,255.0
63,654.0,355.0
64,654.0,455.0
65,654.0,555.0
66,654.0,655.0
67,654.0,755.0
68,654.0,855.0
69,654.0,955.0
70,754.0,55.0
71,754.0,155.0
72,754.0,255.0
73,754.0,355.0
74,754.0,455.0
75,754.0,555.0
76,754.0,655.0
77,754.0,755.0
78,754.0,855.0
79,754.0,955.0
80,854.0,55.0
81,854.0,155.0
82,854.0,255.0
83,854.0,355.0
84,854.0,455.0
85,854.0,555.0
86,854.0,655.0
87,854.0,755.0
88,854.0,855.0
89,854.0,955.0
90,954.0,55.0
91,954.0,155.0
92,954.0,255.0
93,954.0,355.0
94,954.0,455.0
95,954.0,555.0
96,954.0,655.0
97,954.0,755.0
98,954.0,855.0
99,954.0,955.0
0,1
0,10
1,2
1,11
2,3
2,12
3,4
3,13
4,5
4,14
5,6
5,15
6,7
6,16
7,8
7,17
8,9
8,18
9,19
10,11
10,20
11,12
11,21
12,13
12,22
13,14
13,23
14,15
14,24
15,16
15,25
16,17
16,26
17,18
17,27
18,19
18,28
19,29
20,21
20,30
21,22
21,31
22,23
22,32
23,24
23,33
24,25
24,34
25,26
25,35
26,27
26,36
27,28
27,37
28,29
28,38
29,39
30,31
30,40
31,32
31,41
32,33
32,42
33,34
33,43
34,35
34,44
35,36
35,45
36,37
36,46
37,38
37,47
38,39
38,48
39,49
40,41
40,50
41,42
41,51
42,43
42,52
43,44
43,53
44,45
44,54
45,46
45,55
46,47
46,56
47,48
47,57
48,49
48,58
49,59
50,51
50,60
51,52
51,61
52,53
52,62
53,54
53,63
54,55
54,64
55,56
55,65
56,57
56,66
57,58
57,67
58,59
58,68
59,69
60,61
60,70
61,62
61,71
62,63
62,72
63,64
63,73
64,65
64,74
65,66
65,75
66,67
66,76
67,68
67,77
68,69
68,78
69,79
70,71
70,80
71,72
71,81
72,73
72,82
73,74
73,83
74,75
74,84
75,76
75,85
76,77
76,86
77,78
77,87
78,79
78,88
79,89
80,81
80,90
81,82
81,91
82,83
82,92
83,84
83,93
84,85
84,94
85,86
85,95
86,87
86,96
87,88
87,97
88,89
88,98
89,99
90,91
91,92
92,93
93,94
94,95
95,96
96,97
97,98
98,99
