990,990,1089,2112
0,54.0,55.0
1,54.0,85.0
2,54.0,115.0
3,54.0,145.0
4,54.0,175.0
5,54.0,205.0
6,54.0,235.0
7,54.0,265.0
8,54.0,295.0
9,54.0,325.0
10,54.0,355.0
11,54.0,385.0
12,54.0,415.0
13,54.0,445.0
14,54.0,475.0
15,54.0,505.0
16,54.0,535.0
17,54.0,565.0
18,54.0,595.0
19,54.0,625.0
20,54.0,655.0
21,54.0,685.0
22,54.0,715.0
23,54.0,745.0
24,54.0,775.0
25,54.0,805.0
26,54.0,835.0
27,54.0,865.0
28,54.0,895.0
29,54.0,925.0
30,54.0,955.0
31,54.0,985.0
32,54.0,1015.0
33,84.0,55.0
34,84.0,85.0
35,84.0,115.0
36,84.0,145.0
37,84.0,175.0
38,84.0,205.0
39,84.0,235.0
40,84.0,265.0
41,84.0,295.0
42,84.0,325.0
43,84.0,355.0
44,84.0,385.0
45,84.0,415.0
46,84.0,445.0
47,84.0,475.0
48,84.0,505.0
49,84.0,535.0
50,84.0,565.0
51,84.0,595.0
52,84.0,625.0
53,84.0,655.0
54,84.0,685.0
55,84.0,715.0
56,84.0,745.0
57,84.0,775.0
58,84.0,805.0
59,84.0,835.0
60,84.0,865.0
61,84.0,895.0
62,84.0,925.0
63,84.0,955.0
64,84.0,985.0
65,84.0,1015.0
66,114.0,55.0
67,114.0,85.0
68,114.0,115.0
69,114.0,145.0
70,114.0,175.0
71,114.0,205.0
72,114.0,235.0
73,114.0,265.0
74,114.0,295.0
75,114.0,325.0
76,114.0,355.0
77,114.0,385.0
78,114.0,415.0
79,114.0,445.0
80,114.0,475.0
81,114.0,505.0
82,114.0,535.0
83,114.0,565.0
84,114.0,595.0
85,114.0,625.0
86,114.0,655.0
87,114.0,685.0
88,114.0,715.0
89,114.0,745.0
90,114.0,775.0
91,114.0,805.0
92,114.0,835.0
93,114.0,865.0
94,114.0,895.0
95,114.0,925.0
96,114.0,955.0
97,114.0,985.0
98,114.0,1015.0
99,144.0,55.0
100,144.0,85.0
101,144.0,115.0
102,144.0,145.0
103,144.0,175.0
104,144.0,205.0
105,144.0,235.0
106,144.0,265.0
107,144.0,295.0
108,144.0,325.0
109,144.0,355.0
110,144.0,385.0
111,144.0,415.0
112,144.0,445.0
113,144.0,475.0
114,144.0,505.0
115,144.0,535.0
116,144.0,565.0
117,144.0,595.0
118,144.0,625.0
119,144.0,655.0
120,144.0,685.0
121,144.0,715.0
122,144.0,745.0
123,144.0,775.0
124,144.0,805.0
125,144.0,835.0
126,144.0,865.0
127,144.0,895.0
128,144.0,925.0
129,144.0,955.0
130,144.0,985.0
131,144.0,1015.0
132,174.0,55.0
133,174.0,85.0
134,174.0,115.0
135,174.0,145.0
136,174.0,175.0
137,174.0,205.0
138,174.0,235.0
139,174.0,265.0
140,174.0,295.0
141,174.0,325.0
142,174.0,355.0
143,174.0,385.0
144,174.0,415.0
145,174.0,445.0
146,174.0,475.0
147,174.0,505.0
148,174.0,535.0
149,174.0,565.0
150,174.0,595.0
151,174.0,625.0
152,174.0,655.0
153,174.0,685.0
154,174.0,715.0
155,174.0,745.0
156,174.0,775.0
157,174.0,805.0
158,174.0,835.0
159,174.0,865.0
160,174.0,895.0
161,174.0,925.0
162,174.0,955.0
163,174.0,985.0
164,174.0,1015.0
165,204.0,55.0
166,204.0,85.0
167,204.0,115.0
168,204.0,145.0
169,204.0,175.0
170,204.0,205.0
171,204.0,235.0
172,204.0,265.0
173,204.0,295.0
174,204.0,325.0
175,204.0,355.0
176,204.0,385.0
177,204.0,415.0
178,204.0,445.0
179,204.0,475.0
180,204.0,505.0
181,204.0,535.0
182,204.0,565.0
183,204.0,595.0
184,204.0,625.0
185,204.0,655.0
186,204.0,685.0
187,204.0,715.0
188,204.0,745.0
189,204.0,775.0
190,204.0,805.0
191,204.0,835.0
192,204.0,865.0
193,204.0,895.0
194,204.0,925.0
195,204.0,955.0
196,204.0,985.0
197,204.0,1015.0
198,234.0,55.0
199,234.0,85.0
200,234.0,115.0
201,234.0,145.0
202,234.0,175.0
203,234.0,205.0
204,234.0,235.0
205,234.0,265.0
206,234.0,295.0
207,234.0,325.0
208,234.0,355.0
209,234.0,385.0
210,234.0,415.0
211,234.0,445.0
212,234.0,475.0
213,234.0,505.0
214,234.0,535.0
215,234.0,565.0
216,234.0,595.0
217,234.0,625.0
218,234.0,655.0
219,234.0,685.0
220,234.0,715.0
221,234.0,745.0
222,234.0,775.0
223,234.0,805.0
224,234.0,835.0
225,234.0,865.0
226,234.0,895.0
227,234.0,925.0
228,234.0,955.0
229,234.0,985.0
230,234.0,1015.0
231,264.0,55.0
232,264.0,85.0
233,264.0,115.0
234,264.0,145.0
235,264.0,175.0
236,264.0,205.0
237,264.0,235.0
238,264.0,265.0
239,264.0,295.0
240,264.0,325.0
241,264.0,355.0
242,264.0,385.0
243,264.0,415.0
244,264.0,445.0
245,264.0,475.0
246,264.0,505.0
247,264.0,535.0
248,264.0,565.0
249,264.0,595.0
250,264.0,625.0
251,264.0,655.0
252,264.0,685.0
253,264.0,715.0
254,264.0,745.0
255,264.0,775.0
256,264.0,805.0
257,264.0,835.0
258,264.0,865.0
259,264.0,895.0
260,264.0,925.0
261,264.0,955.0
262,264.0,985.0
263,264.0,1015.0
264,294.0,55.0
265,294.0,85.0
266,294.0,115.0
267,294.0,145.0
268,294.0,175.0
269,294.0,205.0
270,294.0,235.0
271,294.0,265.0
272,294.0,295.0
273,294.0,325.0
274,294.0,355.0
275,294.0,385.0
276,294.0,415.0
277,294.0,445.0
278,294.0,475.0
279,294.0,505.0
280,294.0,535.0
281,294.0,565.0
282,294.0,595.0
283,294.0,625.0
284,294.0,655.0
285,294.0,685.0
286,294.0,715.0
287,294.0,745.0
288,294.0,775.0
289,294.0,805.0
290,294.0,835.0
291,294.0,865.0
292,294.0,895.0
293,294.0,925.0
294,294.0,955.0
295,294.0,985.0
296,294.0,1015.0
297,324.0,55.0
298,324.0,85.0
299,324.0,115.0
300,324.0,145.0
301,324.0,175.0
302,324.0,205.0
303,324.0,235.0
304,324.0,265.0
305,324.0,295.0
306,324.0,325.0
307,324.0,355.0
308,324.0,385.0
309,324.0,415.0
310,324.0,445.0
311,324.0,475.0
312,324.0,505.0
313,324.0,535.0
314,324.0,565.0
315,324.0,595.0
316,324.0,625.0
317,324.0,655.0
318,324.0,685.0
319,324.0,715.0
320,324.0,745.0
321,324.0,775.0
322,324.0,805.0
323,324.0,835.0
324,324.0,865.0
325,324.0,895.0
326,324.0,925.0
327,324.0,955.0
328,324.0,985.0
329,324.0,1015.0
330,354.0,55.0
331,354.0,85.0
332,354.0,115.0
333,354.0,145.0
334,354.0,175.0
335,354.0,205.0
336,354.0,235.0
337,354.0,265.0
338,354.0,295.0
339,354.0,325.0
340,354.0,355.0
341,354.0,385.0
342,354.0,415.0
343,354.0,445.0
344,354.0,475.0
345,354.0,505.0
346,354.0,535.0
347,354.0,565.0
348,354.0,595.0
349,354.0,625.0
350,354.0,655.0
351,354.0,685.0
352,354.0,715.0
353,354.0,745.0
354,354.0,775.0
355,354.0,805.0
356,354.0,835.0
357,354.0,865.0
358,354.0,895.0
359,354.0,925.0
360,354.0,955.0
361,354.0,985.0
362,354.0,1015.0
363,384.0,55.0
364,384.0,85.0
365,384.0,115.0
366,384.0,145.0
367,384.0,175.0
368,384.0,205.0
369,384.0,235.0
370,384.0,265.0
371,384.0,295.0
372,384.0,325.0
373,384.0,355.0
374,384.0,385.0
375,384.0,415.0
376,384.0,445.0
377,384.0,475.0
378,384.0,505.0
379,384.0,535.0
380,384.0,565.0
381,384.0,595.0
382,384.0,625.0
383,384.0,655.0
384,384.0,685.0
385,384.0,715.0
386,384.0,745.0
387,384.0,775.0
388,384.0,805.0
389,384.0,835.0
390,384.0,865.0
391,384.0,895.0
392,384.0,925.0
393,384.0,955.0
394,384.0,985.0
395,384.0,1015.0
396,414.0,55.0
397,414.0,85.0
398,414.0,115.0
399,414.0,145.0
400,414.0,175.0
401,414.0,205.0
402,414.0,235.0
403,414.0,265.0
404,414.0,295.0
405,414.0,325.0
406,414.0,355.0
407,414.0,385.0
408,414.0,415.0
409,414.0,445.0
410,414.0,475.0
411,414.0,505.0
412,414.0,535.0
413,414.0,565.0
414,414.0,595.0
415,414.0,625.0
416,414.0,655.0
417,414.0,685.0
418,414.0,715.0
419,414.0,745.0
420,414.0,775.0
421,414.0,805.0
422,414.0,835.0
423,414.0,865.0
424,414.0,895.0
425,414.0,925.0
426,414.0,955.0
427,414.0,985.0
428,414.0,1015.0
429,444.0,55.0
430,444.0,85.0
431,444.0,115.0
432,444.0,145.0
433,444.0,175.0
434,444.0,205.0
435,444.0,235.0
436,444.0,265.0
437,444.0,295.0
438,444.0,325.0
439,444.0,355.0
440,444.0,385.0
441,444.0,415.0
442,444.0,445.0
443,444.0,475.0
444,444.0,505.0
445,444.0,535.0
446,444.0,565.0
447,444.0,595.0
448,444.0,625.0
449,444.0,655.0
450,444.0,685.0
451,444.0,715.0
452,444.0,745.0
453,444.0,775.0
454,444.0,805.0
455,444.0,835.0
456,444.0,865.0
457,444.0,895.0
458,444.0,925.0
459,444.0,955.0
460,444.0,985.0
461,444.0,1015.0
462,474.0,55.0
463,474.0,85.0
464,474.0,115.0
465,474.0,145.0
466,474.0,175.0
467,474.0,205.0
468,474.0,235.0
469,474.0,265.0
470,474.0,295.0
471,474.0,325.0
472,474.0,355.0
473,474.0,385.0
474,474.0,415.0
475,474.0,445.0
476,474.0,475.0
477,474.0,505.0
478,474.0,535.0
479,474.0,565.0
480,474.0,595.0
481,474.0,625.0
482,474.0,655.0
483,474.0,685.0
484,474.0,715.0
485,474.0,745.0
486,474.0,775.0
487,474.0,805.0
488,474.0,835.0
489,474.0,865.0
490,474.0,895.0
491,474.0,925.0
492,474.0,955.0
493,474.0,985.0
494,474.0,1015.0
495,504.0,55.0
496,504.0,85.0
497,504.0,115.0
498,504.0,145.0
499,504.0,175.0
500,504.0,205.0
501,504.0,235.0
502,504.0,265.0
503,504.0,295.0
504,504.0,325.0
505,504.0,355.0
506,504.0,385.0
507,504.0,415.0
508,504.0,445.0
509,504.0,475.0
510,504.0,505.0
511,504.0,535.0
512,504.0,565.0
513,504.0,595.0
514,504.0,625.0
515,504.0,655.0
516,504.0,685.0
517,504.0,715.0
518,504.0,745.0
519,504.0,775.0
520,504.0,805.0
521,504.0,835.0
522,504.0,865.0
523,504.0,895.0
524,504.0,925.0
525,504.0,955.0
526,504.0,985.0
527,504.0,1015.0
528,534.0,55.0
529,534.0,85.0
530,534.0,115.0
531,534.0,145.0
532,534.0,175.0
533,534.0,205.0
534,534.0,235.0
535,534.0,265.0
536,534.0,295.0
537,534.0,325.0
538,534.0,355.0
539,534.0,385.0
540,534.0,415.0
541,534.0,445.0
542,534.0,475.0
543,534.0,505.0
544,534.0,535.0
545,534.0,565.0
546,534.0,595.0
547,534.0,625.0
548,534.0,655.0
549,534.0,685.0
550,534.0,715.0
551,534.0,745.0
552,534.0,775.0
553,534.0,805.0
554,534.0,835.0
555,534.0,865.0
556,534.0,895.0
557,534.0,925.0
558,534.0,955.0
559,534.0,985.0
560,534.0,1015.0
561,564.0,55.0
562,564.0,85.0
563,564.0,115.0
564,564.0,145.0
565,564.0,175.0
566,564.0,205.0
567,564.0,235.0
568,564.0,265.0
569,564.0,295.0
570,564.0,325.0
571,564.0,355.0
572,564.0,385.0
573,564.0,415.0
574,564.0,445.0
575,564.0,475.0
576,564.0,505.0
577,564.0,535.0
578,564.0,565.0
579,564.0,595.0
580,564.0,625.0
581,564.0,655.0
582,564.0,685.0
583,564.0,715.0
584,564.0,745.0
585,564.0,775.0
586,564.0,805.0
587,564.0,835.0
588,564.0,865.0
589,564.0,895.0
590,564.0,925.0
591,564.0,955.0
592,564.0,985.0
593,564.0,1015.0
594,594.0,55.0
595,594.0,85.0
596,594.0,115.0
597,594.0,145.0
598,594.0,175.0
599,594.0,205.0
600,594.0,235.0
601,594.0,265.0
602,594.0,295.0
603,594.0,325.0
604,594.0,355.0
605,594.0,385.0
606,594.0,415.0
607,594.0,445.0
608,594.0,475.0
609,594.0,505.0
610,594.0,535.0
611,594.0,565.0
612,594.0,595.0
613,594.0,625.0
614,594.0,655.0
615,594.0,685.0
616,594.0,715.0
617,594.0,745.0
618,594.0,775.0
619,594.0,805.0
620,594.0,835.0
621,594.0,865.0
622,594.0,895.0
623,594.0,925.0
624,594.0,955.0
625,594.0,985.0
626,594.0,1015.0
627,624.0,55.0
628,624.0,85.0
629,624.0,115.0
630,624.0,145.0
631,624.0,175.0
632,624.0,205.0
633,624.0,235.0
634,624.0,265.0
635,624.0,295.0
636,624.0,325.0
637,624.0,355.0
638,624.0,385.0
639,624.0,415.0
640,624.0,445.0
641,624.0,475.0
642,624.0,505.0
643,624.0,535.0
644,624.0,565.0
645,624.0,595.0
646,624.0,625.0
647,624.0,655.0
648,624.0,685.0
649,624.0,715.0
650,624.0,745.0
651,624.0,775.0
652,624.0,805.0
653,624.0,835.0
654,624.0,865.0
655,624.0,895.0
656,624.0,925.0
657,624.0,955.0
658,624.0,985.0
659,624.0,1015.0
660,654.0,55.0
661,654.0,85.0
662,654.0,115.0
663,654.0,145.0
664,654.0,175.0
665,654.0,205.0
666,654.0,235.0
667,654.0,265.0
668,654.0,295.0
669,654.0,325.0
670,654.0,355.0
671,654.0,385.0
672,654.0,415.0
673,654.0,445.0
674,654.0,475.0
675,654.0,505.0
676,654.0,535.0
677,654.0,565.0
678,654.0,595.0
679,654.0,625.0
680,654.0,655.0
681,654.0,685.0
682,654.0,715.0
683,654.0,745.0
684,654.0,775.0
685,654.0,805.0
686,654.0,835.0
687,654.0,865.0
688,654.0,895.0
689,654.0,925.0
690,654.0,955.0
691,654.0,985.0
692,654.0,1015.0
693,684.0,55.0
694,684.0,85.0
695,684.0,115.0
696,684.0,145.0
697,684.0,175.0
698,684.0,205.0
699,684.0,235.0
700,684.0,265.0
701,684.0,295.0
702,684.0,325.0
703,684.0,355.0
704,684.0,385.0
705,684.0,415.0
706,684.0,445.0
707,684.0,475.0
708,684.0,505.0
709,684.0,535.0
710,684.0,565.0
711,684.0,595.0
712,684.0,625.0
713,684.0,655.0
714,684.0,685.0
715,684.0,715.0
716,684.0,745.0
717,684.0,775.0
718,684.0,805.0
719,684.0,835.0
720,684.0,865.0
721,684.0,895.0
722,684.0,925.0
723,684.0,955.0
724,684.0,985.0
725,684.0,1015.0
726,714.0,55.0
727,714.0,85.0
728,714.0,115.0
729,714.0,145.0
730,714.0,175.0
731,714.0,205.0
732,714.0,235.0
733,714.0,265.0
734,714.0,295.0
735,714.0,325.0
736,714.0,355.0
737,714.0,385.0
738,714.0,415.0
739,714.0,445.0
740,714.0,475.0
741,714.0,505.0
742,714.0,535.0
743,714.0,565.0
744,714.0,595.0
745,714.0,625.0
746,714.0,655.0
747,714.0,685.0
748,714.0,715.0
749,714.0,745.0
750,714.0,775.0
751,714.0,805.0
752,714.0,835.0
753,714.0,865.0
754,714.0,895.0
755,714.0,925.0
756,714.0,955.0
757,714.0,985.0
758,714.0,1015.0
759,744.0,55.0
760,744.0,85.0
761,744.0,115.0
762,744.0,145.0
763,744.0,175.0
764,744.0,205.0
765,744.0,235.0
766,744.0,265.0
767,744.0,295.0
768,744.0,325.0
769,744.0,355.0
770,744.0,385.0
771,744.0,415.0
772,744.0,445.0
773,744.0,475.0
774,744.0,505.0
775,744.0,535.0
776,744.0,565.0
777,744.0,595.0
778,744.0,625.0
779,744.0,655.0
780,744.0,685.0
781,744.0,715.0
782,744.0,745.0
783,744.0,775.0
784,744.0,805.0
785,744.0,835.0
786,744.0,865.0
787,744.0,895.0
788,744.0,925.0
789,744.0,955.0
790,744.0,985.0
791,744.0,1015.0
792,774.0,55.0
793,774.0,85.0
794,774.0,115.0
795,774.0,145.0
796,774.0,175.0
797,774.0,205.0
798,774.0,235.0
799,774.0,265.0
800,774.0,295.0
801,774.0,325.0
802,774.0,355.0
803,774.0,385.0
804,774.0,415.0
805,774.0,445.0
806,774.0,475.0
807,774.0,505.0
808,774.0,535.0
809,774.0,565.0
810,774.0,595.0
811,774.0,625.0
812,774.0,655.0
813,774.0,685.0
814,774.0,715.0
815,774.0,745.0
816,774.0,775.0
817,774.0,805.0
818,774.0,835.0
819,774.0,865.0
820,774.0,895.0
821,774.0,925.0
822,774.0,955.0
823,774.0,985.0
824,774.0,1015.0
825,804.0,55.0
826,804.0,85.0
827,804.0,115.0
828,804.0,145.0
829,804.0,175.0
830,804.0,205.0
831,804.0,235.0
832,804.0,265.0
833,804.0,295.0
834,804.0,325.0
835,804.0,355.0
836,804.0,385.0
837,804.0,415.0
838,804.0,445.0
839,804.0,475.0
840,804.0,505.0
841,804.0,535.0
842,804.0,565.0
843,804.0,595.0
844,804.0,625.0
845,804.0,655.0
846,804.0,685.0
847,804.0,715.0
848,804.0,745.0
849,804.0,775.0
850,804.0,805.0
851,804.0,835.0
852,804.0,865.0
853,804.0,895.0
854,804.0,925.0
855,804.0,955.0
856,804.0,985.0
857,804.0,1015.0
858,834.0,55.0
859,834.0,85.0
860,834.0,115.0
861,834.0,145.0
862,834.0,175.0
863,834.0,205.0
864,834.0,235.0
865,834.0,265.0
866,834.0,295.0
867,834.0,325.0
868,834.0,355.0
869,834.0,385.0
870,834.0,415.0
871,834.0,445.0
872,834.0,475.0
873,834.0,505.0
874,834.0,535.0
875,834.0,565.0
876,834.0,595.0
877,834.0,625.0
878,834.0,655.0
879,834.0,685.0
880,834.0,715.0
881,834.0,745.0
882,834.0,775.0
883,834.0,805.0
884,834.0,835.0
885,834.0,865.0
886,834.0,895.0
887,834.0,925.0
888,834.0,955.0
889,834.0,985.0
890,834.0,1015.0
891,864.0,55.0
892,864.0,85.0
893,864.0,115.0
894,864.0,145.0
895,864.0,175.0
896,864.0,205.0
897,864.0,235.0
898,864.0,265.0
899,864.0,295.0
900,864.0,325.0
901,864.0,355.0
902,864.0,385.0
903,864.0,415.0
904,864.0,445.0
905,864.0,475.0
906,864.0,505.0
907,864.0,535.0
908,864.0,565.0
909,864.0,595.0
910,864.0,625.0
911,864.0,655.0
912,864.0,685.0
913,864.0,715.0
914,864.0,745.0
915,864.0,775.0
916,864.0,805.0
917,864.0,835.0
918,864.0,865.0
919,864.0,895.0
920,864.0,925.0
921,864.0,955.0
922,864.0,985.0
923,864.0,1015.0
924,894.0,55.0
925,894.0,85.0
926,894.0,115.0
927,894.0,145.0
928,894.0,175.0
929,894.0,205.0
930,894.0,235.0
931,894.0,265.0
932,894.0,295.0
933,894.0,325.0
934,894.0,355.0
935,894.0,385.0
936,894.0,415.0
937,894.0,445.0
938,894.0,475.0
939,894.0,505.0
940,894.0,535.0
941,894.0,565.0
942,894.0,595.0
943,894.0,625.0
944,894.0,655.0
945,894.0,685.0
946,894.0,715.0
947,894.0,745.0
948,894.0,775.0
949,894.0,805.0
950,894.0,835.0
951,894.0,865.0
952,894.0,895.0
953,894.0,925.0
954,894.0,955.0
955,894.0,985.0
956,894.0,1015.0
957,924.0,55.0
958,924.0,85.0
959,924.0,115.0
960,924.0,145.0
961,924.0,175.0
962,924.0,205.0
963,924.0,235.0
964,924.0,265.0
965,924.0,295.0
966,924.0,325.0
967,924.0,355.0
968,924.0,385.0
969,924.0,415.0
970,924.0,445.0
971,924.0,475.0
972,924.0,505.0
973,924.0,535.0
974,924.0,565.0
975,924.0,595.0
976,924.0,625.0
977,924.0,655.0
978,924.0,685.0
979,924.0,715.0
980,924.0,745.0
981,924.0,775.0
982,924.0,805.0
983,924.0,835.0
984,924.0,865.0
985,924.0,895.0
986,924.0,925.0
987,924.0,955.0
988,924.0,985.0
989,924.0,1015.0
990,954.0,55.0
991,954.0,85.0
992,954.0,115.0
993,954.0,145.0
994,954.0,175.0
995,954.0,205.0
996,954.0,235.0
997,954.0,265.0
998,954.0,295.0
999,954.0,325.0
1000,954.0,355.0
1001,954.0,385.0
1002,954.0,415.0
1003,954.0,445.0
1004,954.0,475.0
1005,954.0,505.0
1006,954.0,535.0
1007,954.0,565.0
1008,954.0,595.0
1009,954.0,625.0
1010,954.0,655.0
1011,954.0,685.0
1012,954.0,715.0
1013,954.0,745.0
1014,954.0,775.0
1015,954.0,805.0
1016,954.0,835.0
1017,954.0,865.0
1018,954.0,895.0
1019,954.0,925.0
1020,954.0,955.0
1021,954.0,985.0
1022,954.0,1015.0
1023,984.0,55.0
1024,984.0,85.0
1025,984.0,115.0
1026,984.0,145.0
1027,984.0,175.0
1028,984.0,205.0
1029,984.0,235.0
1030,984.0,265.0
1031,984.0,295.0
1032,984.0,325.0
1033,984.0,355.0
1034,984.0,385.0
1035,984.0,415.0
1036,984.0,445.0
1037,984.0,475.0
1038,984.0,505.0
1039,984.0,535.0
1040,984.0,565.0
1041,984.0,595.0
1042,984.0,625.0
1043,984.0,655.0
1044,984.0,685.0
1045,984.0,715.0
1046,984.0,745.0
1047,984.0,775.0
1048,984.0,805.0
1049,984.0,835.0
1050,984.0,865.0
1051,984.0,895.0
1052,984.0,925.0
1053,984.0,955.0
1054,984.0,985.0
1055,984.0,1015.0
1056,1014.0,55.0
1057,1014.0,85.0
1058,1014.0,115.0
1059,1014.0,145.0
1060,1014.0,175.0
1061,1014.0,205.0
1062,1014.0,235.0
1063,1014.0,265.0
1064,1014.0,295.0
1065,1014.0,325.0
1066,1014.0,355.0
1067,1014.0,385.0
1068,1014.0,415.0
1069,1014.0,445.0
1070,1014.0,475.0
1071,1014.0,505.0
1072,1014.0,535.0
1073,1014.0,565.0
1074,1014.0,595.0
1075,1014.0,625.0
1076,1014.0,655.0
1077,1014.0,685.0
1078,1014.0,715.0
1079,1014.0,745.0
1080,1014.0,775.0
1081,1014.0,805.0
1082,1014.0,835.0
1083,1014.0,865.0
1084,1014.0,895.0
1085,1014.0,925.0
1086,1014.0,955.0
1087,1014.0,985.0
1088,1014.0,1015.0
0,1
0,33
1,2
1,34
2,3
2,35
3,4
3,36
4,5
4,37
5,6
5,38
6,7
6,39
7,8
7,40
8,9
8,41
9,10
9,42
10,11
10,43
11,12
11,44
12,13
12,45
13,14
13,46
14,15
14,47
15,16
15,48
16,17
16,49
17,18
17,50
18,19
18,51
19,20
19,52
20,21
20,53
21,22
21,54
22,23
22,55
23,24
23,56
24,25
24,57
25,26
25,58
26,27
26,59
27,28
27,60
28,29
28,61
29,30
29,62
30,31
30,63
31,32
31,64
32,65
33,34
33,66
34,35
34,67
35,36
35,68
36,37
36,69
37,38
37,70
38,39
38,71
39,40
39,72
40,41
40,73
41,42
41,74
42,43
42,75
43,44
43,76
44,45
44,77
45,46
45,78
46,47
46,79
47,48
47,80
48,49
48,81
49,50
49,82
50,51
50,83
51,52
51,84
52,53
52,85
53,54
53,86
54,55
54,87
55,56
55,88
56,57
56,89
57,58
57,90
58,59
58,91
59,60
59,92
60,61
60,93
61,62
61,94
62,63
62,95
63,64
63,96
64,65
64,97
65,98
66,67
66,99
67,68
67,100
68,69
68,101
69,70
69,102
70,71
70,103
71,72
71,104
72,73
72,105
73,74
73,106
74,75
74,107
75,76
75,108
76,77
76,109
77,78
77,110
78,79
78,111
79,80
79,112
80,81
80,113
81,82
81,114
82,83
82,115
83,84
83,116
84,85
84,117
85,86
85,118
86,87
86,119
87,88
87,120
88,89
88,121
89,90
89,122
90,91
90,123
91,92
91,124
92,93
92,125
93,94
93,126
94,95
94,127
95,96
95,128
96,97
96,129
97,98
97,130
98,131
99,100
99,132
100,101
100,133
101,102
101,134
102,103
102,135
103,104
103,136
104,105
104,137
105,106
105,138
106,107
106,139
107,108
107,140
108,109
108,141
109,110
109,142
110,111
110,143
111,112
111,144
112,113
112,145
113,114
113,146
114,115
114,147
115,116
115,148
116,117
116,149
117,118
117,150
118,119
118,151
119,120
119,152
120,121
120,153
121,122
121,154
122,123
122,155
123,124
123,156
124,125
124,157
125,126
125,158
126,127
126,159
127,128
127,160
128,129
128,161
129,130
129,162
130,131
130,163
131,164
132,133
132,165
133,134
133,166
134,135
134,167
135,136
135,168
136,137
136,169
137,138
137,170
138,139
138,171
139,140
139,172
140,141
140,173
141,142
141,174
142,143
142,175
143,144
143,176
144,145
144,177
145,146
145,178
146,147
146,179
147,148
147,180
148,149
148,181
149,150
149,182
150,151
150,183
151,152
151,184
152,153
152,185
153,154
153,186
154,155
154,187
155,156
155,188
156,157
156,189
157,158
157,190
158,159
158,191
159,160
159,192
160,161
160,193
161,162
161,194
162,163
162,195
163,164
163,196
164,197
165,166
165,198
166,167
166,199
167,168
167,200
168,169
168,201
169,170
169,202
170,171
170,203
171,172
171,204
172,173
172,205
173,174
173,206
174,175
174,207
175,176
175,208
176,177
176,209
177,178
177,210
178,179
178,211
179,180
179,212
180,181
180,213
181,182
181,214
182,183
182,215
183,184
183,216
184,185
184,217
185,186
185,218
186,187
186,219
187,188
187,220
188,189
188,221
189,190
189,222
190,191
190,223
191,192
191,224
192,193
192,225
193,194
193,226
194,195
194,227
195,196
195,228
196,197
196,229
197,230
198,199
198,231
199,200
199,232
200,201
200,233
201,202
201,234
202,203
202,235
203,204
203,236
204,205
204,237
205,206
205,238
206,207
206,239
207,208
207,240
208,209
208,241
209,210
209,242
210,211
210,243
211,212
211,244
212,213
212,245
213,214
213,246
214,215
214,247
215,216
215,248
216,217
216,249
217,218
217,250
218,219
218,251
219,220
219,252
220,221
220,253
221,222
221,254
222,223
222,255
223,224
223,256
224,225
224,257
225,226
225,258
226,227
226,259
227,228
227,260
228,229
228,261
229,230
229,262
230,263
231,232
231,264
232,233
232,265
233,234
233,266
234,235
234,267
235,236
235,268
236,237
236,269
237,238
237,270
238,239
238,271
239,240
239,272
240,241
240,273
241,242
241,274
242,243
242,275
243,244
243,276
244,245
244,277
245,246
245,278
246,247
246,279
247,248
247,280
248,249
248,281
249,250
249,282
250,251
250,283
251,252
251,284
252,253
252,285
253,254
253,286
254,255
254,287
255,256
255,288
256,257
256,289
257,258
257,290
258,259
258,291
259,260
259,292
260,261
260,293
261,262
261,294
262,263
262,295
263,296
264,265
264,297
265,266
265,298
266,267
266,299
267,268
267,300
268,269
268,301
269,270
269,302
270,271
270,303
271,272
271,304
272,273
272,305
273,274
273,306
274,275
274,307
275,276
275,308
276,277
276,309
277,278
277,310
278,279
278,311
279,280
279,312
280,281
280,313
281,282
281,314
282,283
282,315
283,284
283,316
284,285
284,317
285,286
285,318
286,287
286,319
287,288
287,320
288,289
288,321
289,290
289,322
290,291
290,323
291,292
291,324
292,293
292,325
293,294
293,326
294,295
294,327
295,296
295,328
296,329
297,298
297,330
298,299
298,331
299,300
299,332
300,301
300,333
301,302
301,334
302,303
302,335
303,304
303,336
304,305
304,337
305,306
305,338
306,307
306,339
307,308
307,340
308,309
308,341
309,310
309,342
310,311
310,343
311,312
311,344
312,313
312,345
313,314
313,346
314,315
314,347
315,316
315,348
316,317
316,349
317,318
317,350
318,319
318,351
319,320
319,352
320,321
320,353
321,322
321,354
322,323
322,355
323,324
323,356
324,325
324,357
325,326
325,358
326,327
326,359
327,328
327,360
328,329
328,361
329,362
330,331
330,363
331,332
331,364
332,333
332,365
333,334
333,366
334,335
334,367
335,336
335,368
336,337
336,369
337,338
337,370
338,339
338,371
339,340
339,372
340,341
340,373
341,342
341,374
342,343
342,375
343,344
343,376
344,345
344,377
345,346
345,378
346,347
346,379
347,348
347,380
348,349
348,381
349,350
349,382
350,351
350,383
351,352
351,384
352,353
352,385
353,354
353,386
354,355
354,387
355,356
355,388
356,357
356,389
357,358
357,390
358,359
358,391
359,360
359,392
360,361
360,393
361,362
361,394
362,395
363,364
363,396
364,365
364,397
365,366
365,398
366,367
366,399
367,368
367,400
368,369
368,401
369,370
369,402
370,371
370,403
371,372
371,404
372,373
372,405
373,374
373,406
374,375
374,407
375,376
375,408
376,377
376,409
377,378
377,410
378,379
378,411
379,380
379,412
380,381
380,413
381,382
381,414
382,383
382,415
383,384
383,416
384,385
384,417
385,386
385,418
386,387
386,419
387,388
387,420
388,389
388,421
389,390
389,422
390,391
390,423
391,392
391,424
392,393
392,425
393,394
393,426
394,395
394,427
395,428
396,397
396,429
397,398
397,430
398,399
398,431
399,400
399,432
400,401
400,433
401,402
401,434
402,403
402,435
403,404
403,436
404,405
404,437
405,406
405,438
406,407
406,439
407,408
407,440
408,409
408,441
409,410
409,442
410,411
410,443
411,412
411,444
412,413
412,445
413,414
413,446
414,415
414,447
415,416
415,448
416,417
416,449
417,418
417,450
418,419
418,451
419,420
419,452
420,421
420,453
421,422
421,454
422,423
422,455
423,424
423,456
424,425
424,457
425,426
425,458
426,427
426,459
427,428
427,460
428,461
429,430
429,462
430,431
430,463
431,432
431,464
432,433
432,465
433,434
433,466
434,435
434,467
435,436
435,468
436,437
436,469
437,438
437,470
438,439
438,471
439,440
439,472
440,441
440,473
441,442
441,474
442,443
442,475
443,444
443,476
444,445
444,477
445,446
445,478
446,447
446,479
447,448
447,480
448,449
448,481
449,450
449,482
450,451
450,483
451,452
451,484
452,453
452,485
453,454
453,486
454,455
454,487
455,456
455,488
456,457
456,489
457,458
457,490
458,459
458,491
459,460
459,492
460,461
460,493
461,494
462,463
462,495
463,464
463,496
464,465
464,497
465,466
465,498
466,467
466,499
467,468
467,500
468,469
468,501
469,470
469,502
470,471
470,503
471,472
471,504
472,473
472,505
473,474
473,506
474,475
474,507
475,476
475,508
476,477
476,509
477,478
477,510
478,479
478,511
479,480
479,512
480,481
480,513
481,482
481,514
482,483
482,515
483,484
483,516
484,485
484,517
485,486
485,518
486,487
486,519
487,488
487,520
488,489
488,521
489,490
489,522
490,491
490,523
491,492
491,524
492,493
492,525
493,494
493,526
494,527
495,496
495,528
496,497
496,529
497,498
497,530
498,499
498,531
499,500
499,532
500,501
500,533
501,502
501,534
502,503
502,535
503,504
503,536
504,505
504,537
505,506
505,538
506,507
506,539
507,508
507,540
508,509
508,541
509,510
509,542
510,511
510,543
511,512
511,544
512,513
512,545
513,514
513,546
514,515
514,547
515,516
515,548
516,517
516,549
517,518
517,550
518,519
518,551
519,520
519,552
520,521
520,553
521,522
521,554
522,523
522,555
523,524
523,556
524,525
524,557
525,526
525,558
526,527
526,559
527,560
528,529
528,561
529,530
529,562
530,531
530,563
531,532
531,564
532,533
532,565
533,534
533,566
534,535
534,567
535,536
535,568
536,537
536,569
537,538
537,570
538,539
538,571
539,540
539,572
540,541
540,573
541,542
541,574
542,543
542,575
543,544
543,576
544,545
544,577
545,546
545,578
546,547
546,579
547,548
547,580
548,549
548,581
549,550
549,582
550,551
550,583
551,552
551,584
552,553
552,585
553,554
553,586
554,555
554,587
555,556
555,588
556,557
556,589
557,558
557,590
558,559
558,591
559,560
559,592
560,593
561,562
561,594
562,563
562,595
563,564
563,596
564,565
564,597
565,566
565,598
566,567
566,599
567,568
567,600
568,569
568,601
569,570
569,602
570,571
570,603
571,572
571,604
572,573
572,605
573,574
573,606
574,575
574,607
575,576
575,608
576,577
576,609
577,578
577,610
578,579
578,611
579,580
579,612
580,581
580,613
581,582
581,614
582,583
582,615
583,584
583,616
584,585
584,617
585,586
585,618
586,587
586,619
587,588
587,620
588,589
588,621
589,590
589,622
590,591
590,623
591,592
591,624
592,593
592,625
593,626
594,595
594,627
595,596
595,628
596,597
596,629
597,598
597,630
598,599
598,631
599,600
599,632
600,601
600,633
601,602
601,634
602,603
602,635
603,604
603,636
604,605
604,637
605,606
605,638
606,607
606,639
607,608
607,640
608,609
608,641
609,610
609,642
610,611
610,643
611,612
611,644
612,613
612,645
613,614
613,646
614,615
614,647
615,616
615,648
616,617
616,649
617,618
617,650
618,619
618,651
619,620
619,652
620,621
620,653
621,622
621,654
622,623
622,655
623,624
623,656
624,625
624,657
625,626
625,658
626,659
627,628
627,660
628,629
628,661
629,630
629,662
630,631
630,663
631,632
631,664
632,633
632,665
633,634
633,666
634,635
634,667
635,636
635,668
636,637
636,669
637,638
637,670
638,639
638,671
639,640
639,672
640,641
640,673
641,642
641,674
642,643
642,675
643,644
643,676
644,645
644,677
645,646
645,678
646,647
646,679
647,648
647,680
648,649
648,681
649,650
649,682
650,651
650,683
651,652
651,684
652,653
652,685
653,654
653,686
654,655
654,687
655,656
655,688
656,657
656,689
657,658
657,690
658,659
658,691
659,692
660,661
660,693
661,662
661,694
662,663
662,695
663,664
663,696
664,665
664,697
665,666
665,698
666,667
666,699
667,668
667,700
668,669
668,701
669,670
669,702
670,671
670,703
671,672
671,704
672,673
672,705
673,674
673,706
674,675
674,707
675,676
675,708
676,677
676,709
677,678
677,710
678,679
678,711
679,680
679,712
680,681
680,713
681,682
681,714
682,683
682,715
683,684
683,716
684,685
684,717
685,686
685,718
686,687
686,719
687,688
687,720
688,689
688,721
689,690
689,722
690,691
690,723
691,692
691,724
692,725
693,694
693,726
694,695
694,727
695,696
695,728
696,697
696,729
697,698
697,730
698,699
698,731
699,700
699,732
700,701
700,733
701,702
701,734
702,703
702,735
703,704
703,736
704,705
704,737
705,706
705,738
706,707
706,739
707,708
707,740
708,709
708,741
709,710
709,742
710,711
710,743
711,712
711,744
712,713
712,745
713,714
713,746
714,715
714,747
715,716
715,748
716,717
716,749
717,718
717,750
718,719
718,751
719,720
719,752
720,721
720,753
721,722
721,754
722,723
722,755
723,724
723,756
724,725
724,757
725,758
726,727
726,759
727,728
727,760
728,729
728,761
729,730
729,762
730,731
730,763
731,732
731,764
732,733
732,765
733,734
733,766
734,735
734,767
735,736
735,768
736,737
736,769
737,738
737,770
738,739
738,771
739,740
739,772
740,741
740,773
741,742
741,774
742,743
742,775
743,744
743,776
744,745
744,777
745,746
745,778
746,747
746,779
747,748
747,780
748,749
748,781
749,750
749,782
750,751
750,783
751,752
751,784
752,753
752,785
753,754
753,786
754,755
754,787
755,756
755,788
756,757
756,789
757,758
757,790
758,791
759,760
759,792
760,761
760,793
761,762
761,794
762,763
762,795
763,764
763,796
764,765
764,797
765,766
765,798
766,767
766,799
767,768
767,800
768,769
768,801
769,770
769,802
770,771
770,803
771,772
771,804
772,773
772,805
773,774
773,806
774,775
774,807
775,776
775,808
776,777
776,809
777,778
777,810
778,779
778,811
779,780
779,812
780,781
780,813
781,782
781,814
782,783
782,815
783,784
783,816
784,785
784,817
785,786
785,818
786,787
786,819
787,788
787,820
788,789
788,821
789,790
789,822
790,791
790,823
791,824
792,793
792,825
793,794
793,826
794,795
794,827
795,796
795,828
796,797
796,829
797,798
797,830
798,799
798,831
799,800
799,832
800,801
800,833
801,802
801,834
802,803
802,835
803,804
803,836
804,805
804,837
805,806
805,838
806,807
806,839
807,808
807,840
808,809
808,841
809,810
809,842
810,811
810,843
811,812
811,844
812,813
812,845
813,814
813,846
814,815
814,847
815,816
815,848
816,817
816,849
817,818
817,850
818,819
818,851
819,820
819,852
820,821
820,853
821,822
821,854
822,823
822,855
823,824
823,856
824,857
825,826
825,858
826,827
826,859
827,828
827,860
828,829
828,861
829,830
829,862
830,831
830,863
831,832
831,864
832,833
832,865
833,834
833,866
834,835
834,867
835,836
835,868
836,837
836,869
837,838
837,870
838,839
838,871
839,840
839,872
840,841
840,873
841,842
841,874
842,843
842,875
843,844
843,876
844,845
844,877
845,846
845,878
846,847
846,879
847,848
847,880
848,849
848,881
849,850
849,882
850,851
850,883
851,852
851,884
852,853
852,885
853,854
853,886
854,855
854,887
855,856
855,888
856,857
856,889
857,890
858,859
858,891
859,860
859,892
860,861
860,893
861,862
861,894
862,863
862,895
863,864
863,896
864,865
864,897
865,866
865,898
866,867
866,899
867,868
867,900
868,869
868,901
869,870
869,902
870,871
870,903
871,872
871,904
872,873
872,905
873,874
873,906
874,875
874,907
875,876
875,908
876,877
876,909
877,878
877,910
878,879
878,911
879,880
879,912
880,881
880,913
881,882
881,914
882,883
882,915
883,884
883,916
884,885
884,917
885,886
885,918
886,887
886,919
887,888
887,920
888,889
888,921
889,890
889,922
890,923
891,892
891,924
892,893
892,925
893,894
893,926
894,895
894,927
895,896
895,928
896,897
896,929
897,898
897,930
898,899
898,931
899,900
899,932
900,901
900,933
901,902
901,934
902,903
902,935
903,904
903,936
904,905
904,937
905,906
905,938
906,907
906,939
907,908
907,940
908,909
908,941
909,910
909,942
910,911
910,943
911,912
911,944
912,913
912,945
913,914
913,946
914,915
914,947
915,916
915,948
916,917
916,949
917,918
917,950
918,919
918,951
919,920
919,952
920,921
920,953
921,922
921,954
922,923
922,955
923,956
924,925
924,957
925,926
925,958
926,927
926,959
927,928
927,960
928,929
928,961
929,930
929,962
930,931
930,963
931,932
931,964
932,933
932,965
933,934
933,966
934,935
934,967
935,936
935,968
936,937
936,969
937,938
937,970
938,939
938,971
939,940
939,972
940,941
940,973
941,942
941,974
942,943
942,975
943,944
943,976
944,945
944,977
945,946
945,978
946,947
946,979
947,948
947,980
948,949
948,981
949,950
949,982
950,951
950,983
951,952
951,984
952,953
952,985
953,954
953,986
954,955
954,987
955,956
955,988
956,989
957,958
957,990
958,959
958,991
959,960
959,992
960,961
960,993
961,962
961,994
962,963
962,995
963,964
963,996
964,965
964,997
965,966
965,998
966,967
966,999
967,968
967,1000
968,969
968,1001
969,970
969,1002
970,971
970,1003
971,972
971,1004
972,973
972,1005
973,974
973,1006
974,975
974,1007
975,976
975,1008
976,977
976,1009
977,978
977,1010
978,979
978,1011
979,980
979,1012
980,981
980,1013
981,982
981,1014
982,983
982,1015
983,984
983,1016
984,985
984,1017
985,986
985,1018
986,987
986,1019
987,988
987,1020
988,989
988,1021
989,1022
990,991
990,1023
991,992
991,1024
992,993
992,1025
993,994
993,1026
994,995
994,1027
995,996
995,1028
996,997
996,1029
997,998
997,1030
998,999
998,1031
999,1000
999,1032
1000,1001
1000,1033
1001,1002
1001,1034
1002,1003
1002,1035
1003,1004
1003,1036
1004,1005
1004,1037
1005,1006
1005,1038
1006,1007
1006,1039
1007,1008
1007,1040
1008,1009
1008,1041
1009,1010
1009,1042
1010,1011
1010,1043
1011,1012
1011,1044
1012,1013
1012,1045
1013,1014
1013,1046
1014,1015
1014,1047
1015,1016
1015,1048
1016,1017
1016,1049
1017,1018
1017,1050
1018,1019
1018,1051
1019,1020
1019,1052
1020,1021
1020,1053
1021,1022
1021,1054
1022,1055
1023,1024
1023,1056
1024,1025
1024,1057
1025,1026
1025,1058
1026,1027
1026,1059
1027,1028
1027,1060
1028,1029
1028,1061
1029,1030
1029,1062
1030,1031
1030,1063
1031,1032
1031,1064
1032,1033
1032,1065
1033,1034
1033,1066
1034,1035
1034,1067
1035,1036
1035,1068
1036,1037
1036,1069
1037,1038
1037,1070
1038,1039
1038,1071
1039,1040
1039,1072
1040,1041
1040,1073
1041,1042
1041,1074
1042,1043
1042,1075
1043,1044
1043,1076
1044,1045
1044,1077
1045,1046
1045,1078
1046,1047
1046,1079
1047,1048
1047,1080
1048,1049
1048,1081
1049,1050
1049,1082
1050,1051
1050,1083
1051,1052
1051,1084
1052,1053
1052,1085
1053,1054
1053,1086
1054,1055
1054,1087
1055,1088
1056,1057
1057,1058
1058,1059
1059,1060
1060,1061
1061,1062
1062,1063
1063,1064
1064,1065
1065,1066
1066,1067
1067,1068
1068,1069
1069,1070
1070,1071
1071,1072
1072,1073
1073,1074
1074,1075
1075,1076
1076,1077
1077,1078
1078,1079
1079,1080
1080,1081
1081,1082
1082,1083
1083,1084
1084,1085
1085,1086
1086,1087
1087,1088
